0 0.27859477187500004 0.275428921875 0.2912581703125 0.281556371875 0.313725490625 0.2797181375 0.3349673203125 0.27450980468749997 0.348039215625 0.264399509375 0.3533496734375 0.23958333281250002 0.3435457515625 0.2251838234375 0.3190359484375 0.20220588281250002 0.3075980390625 0.191789215625 0.2912581703125 0.1770833328125 0.2802287578125 0.1712622546875 0.267565359375 0.17034313750000002 0.2475490203125 0.17034313750000002 0.23733660156249997 0.169117646875 0.2279411765625 0.171875 0.2250817 0.1798406859375 0.2205882359375 0.184742646875 0.2169117640625 0.1936274515625 0.2181372546875 0.20404411718749998 0.2205882359375 0.21875 0.24019607812500002 0.238664215625 0.257352940625 0.2549019609375 0.26879084999999997 0.2665441171875 0.27859477187500004 0.275428921875
0 0.4599673203125 0.9552696078125 0.4754901953125 0.94301470625 0.46650326875000003 0.9375 0.4509803921875 0.9497549015625 0.4599673203125 0.9552696078125
0 0.20424836562499998 0.6213235296875 0.20669934687499997 0.6341911765625 0.2107843140625 0.6317401953124999 0.20751634062500002 0.620710784375 0.20424836562499998 0.6213235296875
0 0.20424836562499998 0.6213235296875 0.222222221875 0.6139705875 0.2197712421875 0.6102941171875 0.20179738593750002 0.6188725484375001 0.20424836562499998 0.6213235296875
0 0.21650326875 0.6568627453125 0.2140522875 0.6470588234375 0.2099673203125 0.64767156875 0.2124183 0.657475490625 0.21650326875 0.6568627453125
0 0.20506535937499998 0.6587009796875 0.2099673203125 0.6580882359375 0.20833333281250002 0.646446078125 0.20179738593750002 0.646446078125 0.20506535937499998 0.6587009796875
0 0.0236928109375 0.77267156875 0.0236928109375 0.7689950984375 0.0016339875000000001 0.7818627453125 0.0236928109375 0.77267156875
0 0.0678104578125 0.46017156875 0.062908496875 0.44975490156250003 0.0563725484375 0.4509803921875 0.062091503125 0.4620098046875 0.0678104578125 0.46017156875
0 0.062908496875 0.43321078437500005 0.06535947656249999 0.4209558828125 0.060457515625 0.4203431375 0.0588235296875 0.43321078437500005 0.062908496875 0.43321078437500005
0 0.0547385625 0.39767156875 0.0588235296875 0.387867646875 0.052287581250000006 0.387867646875 0.046568628125 0.39767156875 0.0547385625 0.39767156875
0 0.064542484375 0.4197303921875 0.063725490625 0.41176470624999995 0.060457515625 0.41176470624999995 0.0596405234375 0.4209558828125 0.064542484375 0.4197303921875
0 0.44199346406249995 0.1360294125 0.44035947656249996 0.12745097968750002 0.435457515625 0.1286764703125 0.436274509375 0.13664215625 0.44199346406249995 0.1360294125
0 0.455065359375 0.120710784375 0.46241830000000006 0.125 0.46568627500000004 0.12316176406249998 0.4583333328125 0.117647059375 0.455065359375 0.120710784375
0 0.48039215625000004 0.23897058750000003 0.50081699375 0.23529411718749998 0.5 0.23223039218750002 0.4787581703125 0.23590686249999998 0.48039215625000004 0.23897058750000003
0 0.7557189546874999 0.44485294062499997 0.758986928125 0.44301470624999995 0.7532679734375 0.43321078437500005 0.75 0.43382352968750004 0.7516339875 0.4442401953125 0.7557189546874999 0.44485294062499997
0 0.794934640625 0.8272058828125 0.8096405234375 0.815563725 0.8014705875000001 0.8106617640625 0.7883986921874999 0.8210784312499999 0.794934640625 0.8272058828125
0 0.0392156859375 0.534313725 0.03676470625 0.5306372546875 0.01960784375 0.5373774515624999 0.0392156859375 0.534313725
0 0.27777777812500004 0.5814950984375 0.27777777812500004 0.5686274515624999 0.2736928109375 0.5686274515624999 0.276960784375 0.5814950984375 0.27777777812500004 0.5814950984375