0 0.796568628125 0.3541666671875 0.8263888890625 0.359681371875 0.8533496734374999 0.35569852968750004 0.8717320265625 0.3458946078125 0.9403594765625 0.2515318625 0.908905228125 0.261335784375 0.8688725484375001 0.261335784375 0.830882353125 0.2545955875 0.8031045750000001 0.2432598046875 0.7822712421875 0.2254901953125 0.76797385625 0.318321078125 0.766748365625 0.3333333328125 0.778186275 0.3455882359375 0.796568628125 0.3541666671875
0 0.829248365625 0.254289215625 0.8635620921875 0.2604166671875 0.895016340625 0.26194852968750004 0.9219771234374999 0.2564338234375 0.937908496875 0.25245097968749997 0.9493464046875 0.24601715624999998 0.9591503265625001 0.2368259796875 0.9616013078125001 0.22457107812500002 0.9611928109375001 0.21292892187499998 0.957516340625 0.20159313750000002 0.9530228765625001 0.191789215625 0.9444444437499999 0.18198529375 0.9272875812500001 0.17279411718749998 0.9080882359375 0.1654411765625 0.8807189546874999 0.160539215625 0.8529411765624999 0.1608455875 0.8218954249999999 0.1681985296875 0.8055555562500001 0.1786151953125 0.7982026140625 0.18351715625 0.7871732031249999 0.193321078125 0.7806372546875 0.20159313750000002 0.77736928125 0.211397059375 0.7810457515625 0.22579656875 0.8026960781250001 0.24417892187499998 0.829248365625 0.254289215625
0 0.428513071875 0.687193628125 0.428513071875 0.6957720593750001 0.42606209218749996 0.7141544125 0.4232026140625 0.7380514703125 0.41830065312500003 0.7576593140625 0.41830065312500003 0.7640931375 0.42973856250000003 0.77113970625 0.44321895468749994 0.77267156875 0.455882353125 0.768688725 0.46609477187500004 0.7306985296875 0.47263071874999996 0.702818628125 0.47303921562499995 0.6951593140625 0.48815359531249997 0.6770833328125 0.49918300625 0.6583946078125 0.51633986875 0.5698529406249999 0.515931371875 0.562193628125 0.508169934375 0.5533088234375 0.49346405156250006 0.547181371875 0.47426470624999995 0.5453431375 0.455065359375 0.5484068625 0.44158496718749995 0.5560661765625 0.41952614375 0.6473651953124999 0.41789215625000004 0.6608455875 0.42483660156249997 0.6764705875 0.428513071875 0.687193628125
0 0.312091503125 0.7080269609375 0.31944444375000003 0.7015931375 0.3010620921875 0.6841299015625 0.2916666671875 0.687806371875 0.3047385625 0.701899509375 0.312091503125 0.7080269609375
0 0.3982843140625 0.575061275 0.3799019609375 0.5818014703125 0.38194444375000003 0.5876225484375001 0.4080882359375 0.5787377453125 0.3982843140625 0.575061275
0 0.2459150328125 0.8912377453125 0.29616013125 0.8930759796875 0.2969771234375 0.8848039218749999 0.24632352968750001 0.8823529406249999 0.2459150328125 0.8912377453125
0 0.187091503125 0.856311275 0.20506535937499998 0.86335784375 0.2099673203125 0.859375 0.1919934640625 0.8504901953124999 0.1830065359375 0.8495710781250001 0.171568628125 0.8443627453125 0.1662581703125 0.8504901953124999 0.1752450984375 0.8544730390625 0.187091503125 0.856311275
0 0.4068627453125 0.5303308828125 0.4142156859375 0.515931371875 0.420751634375 0.494178921875 0.42116013125 0.469975490625 0.4219771234375 0.458946078125 0.4150326796875 0.4537377453125 0.40236928125000004 0.45710784374999996 0.3880718953125 0.45618872499999996 0.2561274515625 0.44362745156249994 0.2446895421875 0.44362745156249994 0.23284313750000002 0.4595588234375 0.23039215624999998 0.4705882359375 0.22875817031249998 0.478553921875 0.22875817031249998 0.4895833328125 0.23284313750000002 0.499693628125 0.3794934640625 0.5349264703125 0.384803921875 0.5404411765625 0.3970588234375 0.5389093140625 0.4068627453125 0.5303308828125
0 0.38194444375000003 0.497242646875 0.3790849671875 0.5119485296875 0.37826797343749996 0.525428921875 0.37826797343749996 0.53523284375 0.383169934375 0.5395220593750001 0.392565359375 0.5404411765625 0.41013071874999996 0.541053921875 0.4244281046875 0.53829656875 0.43831699375 0.53125 0.44771241875 0.5232843140625 0.453431371875 0.5107230390625 0.45669934687499997 0.501225490625 0.45751634062499996 0.49264705937500003 0.454248365625 0.48100490156250003 0.44485294062499997 0.469056371875 0.43341503281250005 0.4623161765625 0.4223856203125 0.45710784374999996 0.41748365937500004 0.453431371875 0.41053921562499995 0.452818628125 0.3999183 0.46047794062499997 0.39133986875 0.471507353125 0.38521241875 0.484068628125 0.38194444375000003 0.497242646875
0 0.287173203125 0.471507353125 0.3186274515625 0.47824754843750006 0.534722221875 0.5327818625 0.534313725 0.526960784375 0.3186274515625 0.471507353125 0.2806372546875 0.4641544125 0.270016340625 0.46537990156250003 0.287173203125 0.471507353125
0 0.437091503125 0.51164215625 0.4219771234375 0.5049019609375 0.4170751640625 0.5091911765625 0.43382352968750004 0.5171568625 0.437091503125 0.51164215625
0 0.49468954218750005 0.5091911765625 0.4791666671875 0.5064338234375 0.4673202609375 0.503063725 0.46609477187500004 0.50857843125 0.49142156875 0.5150122546875 0.49468954218750005 0.5091911765625
0 0.34150326875000003 0.9669117640625 0.319852940625 0.9862132359375 0.330065359375 0.9929534312499999 0.3443627453125 0.9770220593750001 0.34150326875000003 0.9721200984375 0.34150326875000003 0.9669117640625
0 0.4579248359375 0.38174019531250003 0.46364379062500005 0.3814338234375 0.4669117640625 0.3639705875 0.4603758171875 0.3642769609375 0.4579248359375 0.38174019531250003