0 0.49673202656250004 0.56801470625 0.509803921875 0.5704656859375 0.5236928109375001 0.56954656875 0.53513071875 0.5649509796875 0.5408496734375 0.559436275 0.5388071890624999 0.549938725 0.54370915 0.4923406859375 0.5392156859375 0.4859068625 0.526960784375 0.48069852968750004 0.5126633984375 0.47886029375000005 0.500408496875 0.48100490156250003 0.49387254843750006 0.4862132359375 0.47181372499999996 0.5435049015625 0.4705882359375 0.5520833328125 0.48120915000000003 0.562806371875 0.49673202656250004 0.56801470625
0 0.41053921562499995 0.5860906859375 0.4150326796875 0.5891544125 0.4232026140625 0.590686275 0.42116013125 0.58823529375 0.4240196078125 0.58670343125 0.429330065625 0.5863970593750001 0.43382352968750004 0.5857843140625 0.43464052343750004 0.5863970593750001 0.438725490625 0.5845588234375 0.44199346406249995 0.5814950984375 0.44281045781249995 0.575367646875 0.44403594843749994 0.5689338234375 0.44526143749999997 0.5643382359375 0.43668300625 0.5634191171875 0.43504902031250003 0.5609681375 0.43259803906250005 0.559742646875 0.427696078125 0.559742646875 0.4236111109375 0.562806371875 0.419117646875 0.5643382359375 0.4154411765625 0.5634191171875 0.41380718906249997 0.5603553921875 0.4048202609375 0.556678921875 0.40073529375000005 0.55392156875 0.3958333328125 0.552696078125 0.39379084999999997 0.551164215625 0.39460784375 0.5474877453125 0.392565359375 0.549938725 0.3892973859375 0.55392156875 0.3897058828125 0.558210784375 0.3880718953125 0.559436275 0.3880718953125 0.5640318625 0.3888888890625 0.5677083328125 0.393382353125 0.5677083328125 0.3954248359375 0.5701593140625 0.39950980468749997 0.575061275 0.40400326875000003 0.5790441171875 0.4068627453125 0.5818014703125 0.41053921562499995 0.5860906859375
0 0.40114379062500005 0.5477941171875 0.4060457515625 0.5484068625 0.41258169999999994 0.5337009796875 0.40849673124999997 0.5318627453125 0.4060457515625 0.534313725 0.40114379062500005 0.5477941171875
0 0.4076797390625 0.528186275 0.41094771249999995 0.530024509375 0.4142156859375 0.5294117640625 0.4240196078125 0.5147058828125 0.420751634375 0.5122549015625 0.41830065312500003 0.5134803921875 0.4076797390625 0.528186275
0 0.4264705875 0.5238970593750001 0.4485294125 0.5165441171875 0.4485294125 0.512867646875 0.4240196078125 0.51960784375 0.4264705875 0.5238970593750001
0 0.439542484375 0.5 0.439542484375 0.4834558828125 0.43300653593750005 0.484681371875 0.43382352968750004 0.5006127453125 0.439542484375 0.5
0 0.4526143796875 0.5079656859375 0.46323529375000005 0.5134803921875 0.46568627500000004 0.5079656859375 0.455882353125 0.5036764703125 0.4526143796875 0.5079656859375
0 0.453431371875 0.48039215625000004 0.46405228750000005 0.46262254843750006 0.45669934687499997 0.46262254843750006 0.4485294125 0.478553921875 0.453431371875 0.48039215625000004
0 0.4705882359375 0.49571078437500005 0.46568627500000004 0.49142156875 0.4607843140625 0.49387254843750006 0.4681372546875 0.5018382359375 0.4705882359375 0.49571078437500005
0 0.47222222187499996 0.49142156875 0.45669934687499997 0.49571078437500005 0.45669934687499997 0.4993872546875 0.47222222187499996 0.49509803906250005 0.47222222187499996 0.49142156875
0 0.4509803921875 0.4932598046875 0.47303921562499995 0.4895833328125 0.47303921562499995 0.4852941171875 0.4509803921875 0.4889705875 0.4509803921875 0.4932598046875
0 0.44281045781249995 0.4797794125 0.44362745156249994 0.5018382359375 0.4485294125 0.5024509796875 0.44771241875 0.4791666671875 0.44281045781249995 0.4797794125
0 0.4142156859375 0.549632353125 0.40114379062500005 0.5551470593750001 0.4076797390625 0.5575980390625 0.4158496734375 0.5520833328125 0.4142156859375 0.549632353125
0 0.4223856203125 0.5520833328125 0.41748365937500004 0.552696078125 0.4076797390625 0.5588235296875 0.4142156859375 0.561274509375 0.4232026140625 0.55392156875 0.4223856203125 0.5520833328125
0 0.43300653593750005 0.5557598046875001 0.44281045781249995 0.5563725484375001 0.44444444375 0.5533088234375 0.43300653593750005 0.5520833328125 0.43300653593750005 0.5557598046875001
0 0.1764705875 0.609681371875 0.17728758125 0.6029411765625 0.1723856203125 0.6017156859375 0.17075163437500002 0.609681371875 0.1764705875 0.609681371875
0 0.5751633984375 0.072303921875 0.5751633984375 0.061274509374999994 0.5702614374999999 0.061887254687500004 0.5694444437499999 0.07107843124999999 0.5751633984375 0.072303921875