0 0.60673076875 0.225721153125 0.6041666671875 0.22427884687500002 0.475 0.25 0.483974359375 0.25432692343749996 0.60608974375 0.2298076921875 0.60673076875 0.225721153125
0 0.4798076921875 0.11923076875000001 0.4891025640625 0.1228365390625 0.5314102562499999 0.12139423125 0.5304487171875001 0.116346153125 0.4076923078125 0.1206730765625 0.40608974375000007 0.124759615625 0.46858974375000007 0.12307692343750001 0.4798076921875 0.11923076875000001
0 0.41474358906250003 0.09951923124999999 0.4262820515625 0.057211539062500004 0.42019230781249994 0.056490384375 0.4076923078125 0.09807692343749999 0.371153846875 0.20360576875 0.37820512812499996 0.20240384687500002 0.4 0.1389423078125 0.41474358906250003 0.09951923124999999
0 0.7375 0.597596153125 0.740064103125 0.5822115390625 0.7423076921875 0.5673076921875 0.7509615390625 0.521634615625 0.75608974375 0.49206730781249997 0.7612179484375 0.462740384375 0.7554487171875001 0.46201923125000005 0.7551282046875001 0.46514423125000004 0.73108974375 0.597115384375 0.7141025640625001 0.6245192312500001 0.7160256406250001 0.628125 0.7198717953125 0.628365384375 0.7375 0.597596153125
0 0.3544871796875 0.356971153125 0.358653846875 0.3228365390625 0.3496794875 0.32139423125 0.3455128203125 0.3584134609375 0.3503205125 0.365865384375 0.40833333281249995 0.4459134609375 0.4134615390625 0.44038461562500003 0.35929487187500003 0.365625 0.3544871796875 0.356971153125
0 0.172115384375 0.275721153125 0.159615384375 0.25673076875 0.1378205125 0.22163461562500003 0.1320512828125 0.22067307656250001 0.1298076921875 0.2237980765625 0.150641025 0.2552884609375 0.171474359375 0.2889423078125 0.190384615625 0.3173076921875 0.2 0.33173076875 0.1996794875 0.31947115312499996 0.190705128125 0.306971153125 0.172115384375 0.275721153125
0 0.375641025 0.7831730765625 0.4108974359375 0.775240384375 0.472435896875 0.7603365390625 0.484294871875 0.7586538468749999 0.4894230765625 0.7516826921875001 0.48141025624999995 0.7512019234375 0.3746794875 0.7747596156250001 0.37179487187500004 0.777403846875 0.37211538437499997 0.780528846875 0.375641025 0.7831730765625
0 0.4647435890625 0.6199519234374999 0.446153846875 0.5923076921875 0.4016025640625 0.5233173078125 0.396794871875 0.5228365390625 0.3923076921875 0.5264423078125 0.44519230781249997 0.6050480765625 0.4576923078125 0.622596153125 0.4647435890625 0.6199519234374999
0 0.20705128281250001 0.24182692343749998 0.209615384375 0.3019230765625 0.21570512812499998 0.30048076875 0.2134615390625 0.24254807656250002 0.20705128281250001 0.24182692343749998
0 0.2076923078125 0.487740384375 0.20705128281250001 0.4802884609375 0.149358975 0.5237980765625 0.150641025 0.5269230765625 0.1554487171875 0.5271634609375 0.2076923078125 0.487740384375
0 0.1269230765625 0.6572115390625 0.146153846875 0.6620192312500001 0.1301282046875 0.653125 0.08846153906250001 0.6391826921875 0.055448717187499996 0.628846153125 0.050320512500000004 0.6331730765625 0.0695512828125 0.6389423078124999 0.1041666671875 0.650240384375 0.1269230765625 0.6572115390625
0 0.3769230765625 0.528846153125 0.38525641093749996 0.531971153125 0.4301282046875 0.5365384609375 0.4384615390625 0.5331730765625 0.3855769234375 0.5264423078125 0.36474358906250004 0.513221153125 0.359935896875 0.5144230765625 0.3608974359375 0.51826923125 0.3769230765625 0.528846153125
0 0.35352564062499997 0.7673076921875001 0.353846153125 0.8293269234375 0.3602564109375 0.8290865390625 0.3605769234375 0.7677884609375 0.35352564062499997 0.7673076921875001
0 0.3541666671875 0.6576923078125 0.353205128125 0.6737980765625 0.35929487187500003 0.6709134609375 0.3605769234375 0.656009615625 0.3541666671875 0.6576923078125
0 0.27147435937500003 0.7956730765625 0.266025640625 0.8 0.35641025625 0.8783653843750001 0.3621794875 0.8728365390624999 0.27147435937500003 0.7956730765625
0 0.38525641093749996 0.808653846875 0.378525640625 0.8105769234375 0.378846153125 0.8129807687499999 0.41057692343749996 0.8692307687499999 0.41698717968750004 0.8651442312500001 0.402564103125 0.8391826921875 0.38525641093749996 0.808653846875
0 0.05350877187500001 0.64101720625 0.0548878203125 0.6407451921875 0.054714912500000004 0.6418205968749999 0.0559877625 0.6416302453125 0.055921053124999995 0.6426239875 0.057087703125 0.642515296875 0.057127192187499995 0.643427378125 0.0581876453125 0.6434003500000001 0.058333332812500006 0.64423076875 0.059935896875000005 0.644471153125 0.0603875296875 0.6451704546875 0.0615384609375 0.6447115390625 0.06314102499999999 0.6449519234375 0.0614874703125 0.64605550625 0.0669871796875 0.6504807687499999 0.091025640625 0.6670673078125 0.09391025625 0.661778846875 0.0695512828125 0.6459134609375 0.0679487171875 0.6456730765625001 0.0683379125 0.6450950093750001 0.0319368125 0.6205414375 0.030689103125 0.6212740390625 0.030723443750000003 0.6197229859375 0.029589160937499998 0.6203889859375 0.0295100734375 0.6189045328125 0.02848921875 0.6195039343750001 0.028296703125 0.61808608125 0.0273892765625 0.61861888125 0.0270833328125 0.617267628125 0.0262893359375 0.617733828125 0.0258699640625 0.616449175 0.02518939375 0.6168487765624999 0.02465659375 0.6156307234375 0.0240894515625 0.6159637234375 0.0234432234375 0.614812271875 0.0229895109375 0.615078671875 0.022229853124999997 0.61399381875 0.021889568749999998 0.61419361875 0.021016484375 0.613175365625 0.0207896265625 0.6133085656249999 0.018589743750000002 0.6115384609375 0.0125 0.6137019234375 0.052302631249999995 0.640213815625 0.053787878125 0.639860140625 0.05350877187500001 0.64101720625
0 0.14967948749999999 0.5875 0.1480769234375 0.584375 0.10993589687500001 0.5802884609375 0.10673076875000001 0.5846153843749999 0.14423076875000002 0.5884615390625 0.14967948749999999 0.5875
0 0.0262820515625 0.6415865390625 0.025641025 0.646153846875 0.11762820468749999 0.6548076921875 0.09743589687500001 0.6480769234375 0.0262820515625 0.6415865390625
0 0.14326923125 0.653125 0.127564103125 0.6519230765625 0.13621794843749999 0.6567307687499999 0.1423076921875 0.6574519234375 0.14326923125 0.653125
0 0.3958333328125 0.5634615390625 0.4108974359375 0.5923076921875 0.40929487187499997 0.5762019234375 0.402564103125 0.5644230765625 0.3958333328125 0.5634615390625
0 0.1862179484375 0.28413461562500003 0.1929487171875 0.3048076921875 0.19871794843749999 0.303125 0.1919871796875 0.28485576875 0.1862179484375 0.28413461562500003
0 0.3419871796875 0.43701923125000003 0.35128205156250003 0.43798076874999997 0.36474358906250004 0.440865384375 0.37179487187500004 0.44110576874999996 0.3740384609375 0.4365384609375 0.315064103125 0.43701923125000003 0.3137820515625 0.4396634609375 0.32275641093749996 0.4396634609375 0.3419871796875 0.43701923125000003
0 0.1269230765625 0.7603365390625 0.1330128203125 0.7769230765625 0.1394230765625 0.775721153125 0.134615384375 0.75889423125 0.1269230765625 0.7603365390625
0 0.2330128203125 0.22860576875 0.2294871796875 0.196634615625 0.221153846875 0.1983173078125 0.21826923125 0.20384615312499998 0.2076923078125 0.2139423078125 0.202564103125 0.21730769218749998 0.19871794843749999 0.227403846875 0.1929487171875 0.24038461562500002 0.19743589687500002 0.25985576875 0.2076923078125 0.27235576875 0.2073717953125 0.24182692343749998 0.21474358906250002 0.243028846875 0.216346153125 0.27548076875 0.2375 0.28076923125 0.23461538437499999 0.253365384375 0.23333333281250002 0.243509615625 0.2330128203125 0.22860576875
0 0.271794871875 0.4858173078125 0.2695512828125 0.4728365390625 0.26891025625 0.4615384609375 0.2705128203125 0.45360576874999997 0.27371794843749997 0.446634615625 0.26858974375 0.4459134609375 0.261858975 0.4425480765625 0.2605769234375 0.4384615390625 0.2580128203125 0.4329326921875 0.25576923125 0.42956730781249997 0.252564103125 0.428125 0.2519230765625 0.425240384375 0.24743589687499998 0.425240384375 0.246474359375 0.42163461562500004 0.23237179531250002 0.42980769218750003 0.22179487187500002 0.43990384687499995 0.21570512812499998 0.44951923125000004 0.211858975 0.4615384609375 0.213141025 0.47235576874999996 0.20993589687499997 0.47115384687499995 0.20673076875000002 0.47451923125000006 0.2073717953125 0.477403846875 0.2076923078125 0.48822115312500003 0.21025641093749997 0.4925480765625 0.21730769218749998 0.4947115390625 0.221474359375 0.4918269234375 0.2294871796875 0.500721153125 0.241346153125 0.496875 0.253525640625 0.503846153125 0.2644230765625 0.510096153125 0.275641025 0.509615384375 0.27243589687499997 0.5019230765625 0.27243589687499997 0.49639423125000004 0.271794871875 0.4858173078125
0 0.19083333281249998 0.3784615390625 0.190705128125 0.38125 0.1916666671875 0.38229166718749996 0.192983059375 0.3814646296875 0.19330929531250002 0.382662259375 0.1926282046875 0.38333333281250004 0.19363553125 0.38385989062500003 0.19358974375 0.384375 0.1939617671875 0.3850575203125 0.1934294875 0.3859375 0.194288003125 0.3862551515625 0.19326923125 0.3875 0.194614240625 0.38745278125 0.1949404765625 0.3886504125 0.19615384687499998 0.3888621796875 0.1952667125 0.3898480421875 0.197550365625 0.39823145625 0.191346153125 0.3983173078125 0.1917267625 0.3995342546875 0.191310540625 0.39954594062500004 0.191274928125 0.400774571875 0.192107371875 0.4007512015625 0.19248798125 0.4019681484375 0.19123931562500002 0.40200320468750006 0.190705128125 0.4204326921875 0.1926282046875 0.43485576875 0.209294871875 0.44134615312500003 0.20896863593749998 0.44014852343750005 0.20858262187499998 0.44019765 0.2078703703125 0.43904914531249994 0.2086424 0.43895089218749994 0.20831616249999999 0.43775326249999996 0.2071581203125 0.437900640625 0.20644586875 0.43675213749999997 0.20798992656249998 0.43655563124999996 0.197876603125 0.3994290859375 0.20192307656250003 0.3915865390625 0.20048076875 0.39090544843749997 0.20277777812500003 0.3903044875 0.2044871796875 0.38774038437499997 0.21025641093749997 0.38701923125 0.21698717968749998 0.39110576875 0.22019230781250002 0.40048076874999994 0.224358975 0.40576923125000003 0.23365384687500002 0.40336538437499997 0.23910256406250002 0.403125 0.2451923078125 0.40793269218750006 0.24397435937499998 0.40697115312500004 0.24515224375 0.4067157453125 0.2445512828125 0.3884615390625 0.20576923125 0.378846153125 0.191025640625 0.374278846875 0.1913518765625 0.3754764765625 0.1909615390625 0.3756730765625 0.1916781140625 0.3766741078125 0.1908974359375 0.37706730781250003 0.19200435 0.37787173749999997 0.19083333281249998 0.3784615390625
0 0.22179487187500002 0.3009615390625 0.2394230765625 0.3050480765625 0.2365384609375 0.2860576921875 0.22179487187500002 0.3009615390625
0 0.3496794875 0.32115384687500004 0.358974359375 0.3228365390625 0.3544871796875 0.3572115390625 0.3602564109375 0.365865384375 0.371474359375 0.3670673078125 0.36987179531250003 0.3509615390625 0.3673076921875 0.34831730781250003 0.36666666718749996 0.3415865390625 0.3679487171875 0.3240384609375 0.363141025 0.31274038437499996 0.3608974359375 0.3019230765625 0.358653846875 0.299278846875 0.3541666671875 0.29254807656250004 0.35480769218749997 0.28822115312499996 0.352884615625 0.280528846875 0.3487179484375 0.277403846875 0.340384615625 0.27235576875 0.3445512828125 0.30625 0.3483974359375 0.3334134609375 0.3496794875 0.32115384687500004
0 0.15673076875 0.9891826921875 0.15673076875 0.9997596156249999 0.1647435890625 0.9995192312500001 0.1701923078125 0.9942307687499999 0.172435896875 0.984375 0.1695512828125 0.980528846875 0.1695512828125 0.971875 0.159615384375 0.97139423125 0.15128205156250002 0.9625 0.1365384609375 0.96875 0.14423076875000002 0.975 0.152564103125 0.981490384375 0.15673076875 0.9891826921875
0 0.1823717953125 0.9838942312500001 0.1926282046875 0.9838942312500001 0.1980769234375 0.9774038468749999 0.190384615625 0.9701923078125001 0.1823717953125 0.9838942312500001
0 0.372435896875 0.5264423078125 0.3602564109375 0.51875 0.35961538437499996 0.5146634609375 0.36506410312500004 0.513221153125 0.3791666671875 0.521634615625 0.3769230765625 0.509375 0.3730769234375 0.50264423125 0.3612179484375 0.50889423125 0.35128205156250003 0.5105769234374999 0.3391025640625 0.5112980765625 0.32275641093749996 0.5112980765625 0.3009615390625 0.512259615625 0.3304487171875 0.5247596156250001 0.35 0.5307692312500001 0.3708333328125 0.5302884609375 0.372435896875 0.5264423078125
0 0.24583333281250003 0.42115384687499996 0.2445512828125 0.4081730765625 0.238141025 0.40384615312500005 0.23333333281250002 0.40360576875 0.2240384609375 0.40600961562500004 0.2195512828125 0.4009615390625 0.2176282046875 0.3915865390625 0.20993589687499997 0.387259615625 0.20416666718749998 0.387259615625 0.2022435890625 0.3920673078125 0.1929487171875 0.3875 0.19326923125 0.385096153125 0.1897435890625 0.38125 0.1878205125 0.3834134609375 0.18814102500000002 0.388221153125 0.19326923125 0.3985576921875 0.19775641093750002 0.415865384375 0.20320512812499997 0.431009615625 0.209294871875 0.4415865390625 0.21506410312500002 0.447596153125 0.22051282031250002 0.44014423125 0.2320512828125 0.42980769218750003 0.24583333281250003 0.42115384687499996
0 0.12307692343750001 0.749759615625 0.1394230765625 0.743990384375 0.147115384375 0.7449519234374999 0.1477564109375 0.74110576875 0.1358974359375 0.7415865390625 0.128846153125 0.737259615625 0.1121794875 0.735096153125 0.10160256406249998 0.7480769234375 0.1048076921875 0.7519230765625 0.1166666671875 0.7490384609375 0.12307692343750001 0.749759615625
0 0.684935896875 0.3956730765625 0.6804487171875 0.3954326921875 0.6769230765625001 0.39735576875 0.6897435890625 0.41514423125000005 0.6958333328124999 0.41610576874999994 0.6958333328124999 0.41105769218750005 0.684935896875 0.3956730765625
0 0.7416666671875001 0.6146634609375 0.7480769234375 0.613221153125 0.7516025640625 0.6072115390625 0.7503205125 0.6036057687499999 0.7442307687499999 0.60264423125 0.7352564109374999 0.6024038468749999 0.73141025625 0.6105769234375 0.734615384375 0.613221153125 0.7416666671875001 0.6146634609375
0 0.7673076921875001 0.4641826921875 0.7820512828124999 0.47644230781249997 0.7945512828125 0.4889423078125 0.8073717953124999 0.505528846875 0.8285256406249999 0.49615384687499997 0.8304487171874999 0.490625 0.824358975 0.4829326921875 0.815384615625 0.4701923078125 0.7983974359375 0.45600961562500003 0.7817307687499999 0.443990384375 0.771474359375 0.443509615625 0.7625 0.44543269218750003 0.73141025625 0.45889423125000006 0.747115384375 0.459375 0.7557692312500001 0.460096153125 0.7673076921875001 0.4641826921875