0 0.5433114031249999 0.496 0.5438596484375 0.48975 0.530153509375 0.48425 0.5098684203125 0.48324999999999996 0.5016447375 0.49124999999999996 0.4923245609375 0.49000000000000005 0.48300438593750006 0.49124999999999996 0.47478070156249996 0.488 0.45175438593750006 0.48975 0.44298245625000005 0.49400000000000005 0.44188596562500004 0.5025000000000001 0.451206140625 0.5042500000000001 0.4583333328125 0.5065000000000001 0.4736842109375 0.50675 0.48300438593750006 0.50625 0.53508771875 0.5002500000000001 0.5433114031249999 0.496
0 0.46875 0.49800000000000005 0.467653509375 0.4955 0.45394736875 0.49225 0.4473684203125 0.49675 0.46271929843750004 0.4995 0.46875 0.49800000000000005
0 0.6052631578125001 0.434 0.6036184203125 0.4205 0.5932017546874999 0.4185 0.5822368421874999 0.4225 0.5723684203125 0.4185 0.5520833328125 0.42424999999999996 0.5526315796875 0.42800000000000005 0.5630482453125001 0.4325 0.5778508765625 0.43550000000000005 0.5838815796875 0.4415 0.589364034375 0.44175000000000003 0.6052631578125001 0.434
0 0.6419956140624999 0.47175 0.6107456140624999 0.46675000000000005 0.607456140625 0.47000000000000003 0.6381578953125 0.47474999999999995 0.6419956140624999 0.47175
0 0.49342105312499995 0.48250000000000004 0.48190789531249995 0.48650000000000004 0.4764254390625 0.48825 0.482456140625 0.49050000000000005 0.5005482453125001 0.4835 0.49342105312499995 0.48250000000000004
0 0.49287280625 0.48925 0.501096490625 0.49000000000000005 0.5087719296875 0.48375 0.5 0.48324999999999996 0.49287280625 0.48925
0 0.517543859375 0.48200000000000004 0.53508771875 0.48475 0.535635965625 0.48175 0.517543859375 0.48200000000000004
0 0.379385965625 0.5325 0.366776315625 0.5347500000000001 0.3596491234375 0.5377500000000001 0.3640350875 0.54075 0.38212719375000004 0.53525 0.379385965625 0.5325
0 0.38048245625 0.5042500000000001 0.383223684375 0.5105000000000001 0.39144736875 0.5135 0.38706140312500004 0.5035000000000001 0.38048245625 0.5042500000000001
0 0.38212719375000004 0.5145 0.388706140625 0.5125 0.3717105265625 0.50825 0.351973684375 0.5155000000000001 0.35855263125 0.52 0.3728070171875 0.52225 0.3826754390625 0.5175 0.38212719375000004 0.5145
0 0.27521929843750004 0.50625 0.2653508765625 0.51525 0.3026315796875 0.51875 0.303179825 0.51025 0.27521929843750004 0.50625
0 0.252741228125 0.54775 0.2483552625 0.55725 0.25712719375000004 0.5587500000000001 0.2626096484375 0.548 0.252741228125 0.54775
0 0.28837719375000004 0.5455 0.3020833328125 0.554 0.30866228125 0.5525 0.29769736875 0.5435 0.28837719375000004 0.5455
0 0.129385965625 0.609 0.14418859687500002 0.61875 0.149671053125 0.6165 0.1348684203125 0.607 0.129385965625 0.609
0 0.0603070171875 0.63725 0.058114034375 0.647 0.06798245625 0.6475 0.071820175 0.6367499999999999 0.0603070171875 0.63725
0 0.1858552625 0.56125 0.158991228125 0.567 0.16228070156250002 0.5695 0.1896929828125 0.56325 0.1858552625 0.56125
0 0.087171053125 0.6235 0.13048245625 0.5985 0.1825657890625 0.56425 0.1694078953125 0.55625 0.10635964843750001 0.591 0.076206140625 0.60475 0.061403509375 0.61925 0.0564692984375 0.62775 0.03837719375 0.639 0.0427631578125 0.643 0.0625 0.63225 0.087171053125 0.6235