0 0.45667989374999995 0.7016369046875 0.48115079375 0.6994047625 0.5112433859375 0.6966765875 0.5300925921874999 0.6924603171875 0.537367725 0.686755953125 0.5505952375 0.48065476250000005 0.553240740625 0.477678571875 0.5512566140625 0.471478175 0.537367725 0.47073412656249997 0.43320105781249996 0.4742063484375 0.3670634921875 0.47991071406249997 0.4209656078125 0.6927083328125 0.42625661406250004 0.6976686515625 0.4365079359375 0.6994047625 0.45667989374999995 0.7016369046875
0 0.521164021875 0.46924603125 0.5350529093749999 0.47098214218749995 0.5509259265625001 0.47073412656249997 0.5535714281249999 0.477678571875 0.5519179890625 0.481398809375 0.5505952375 0.5114087296875 0.571759259375 0.5193452375 0.59358465625 0.5223214281249999 0.6246693125 0.518353175 0.6448412703125 0.5089285718750001 0.65641534375 0.4985119046875 0.666005290625 0.4858630953125 0.6742724875 0.47296627031250005 0.6755952375 0.46006944375 0.6742724875 0.446428571875 0.6679894187500001 0.43179563437499996 0.6610449734375 0.42113095312500004 0.6491402109375 0.408978175 0.6382275125 0.40401785781250005 0.6144179890625 0.3985615078125 0.5856481484375 0.3980654765625 0.5552248671875 0.40228174531249994 0.5456349203124999 0.40848214218749995 0.534722221875 0.4203869046875 0.5271164015625 0.4322916671875 0.5224867718749999 0.44196428593750003 0.5201719578125 0.4583333328125 0.521164021875 0.46924603125
0 0.514880953125 0.859126984375 0.5039682546875001 0.855902778125 0.4950396828125 0.8581349203125 0.49140211562499997 0.8645833328125001 0.49669312187500003 0.8700396828124999 0.5105820109375 0.8697916671874999 0.53108465625 0.8789682546875 0.5380290999999999 0.865575396875 0.514880953125 0.859126984375
0 0.853505290625 0.843005953125 0.8511904765624999 0.8526785718750001 0.860119046875 0.853670634375 0.859788359375 0.8370535718750001 0.853505290625 0.843005953125
0 0.833664021875 0.81572420625 0.840277778125 0.8134920640625 0.8356481484374999 0.809027778125 0.828373015625 0.8080357140625001 0.833664021875 0.81572420625
0 0.8518518515625001 0.69072420625 0.8482142859374999 0.6954365078125 0.8528439156250001 0.6966765875 0.859126984375 0.6949404765625 0.8518518515625001 0.69072420625
0 0.7291666671875 0.7636408734375 0.7390873015625 0.7544642859375 0.7278439156250001 0.7566964281249999 0.7291666671875 0.7636408734375
0 0.4699074078125 0.7450396828125 0.48214285781250005 0.7490079359374999 0.478174603125 0.7361111109375 0.47089947031249996 0.7383432546875001 0.4699074078125 0.7450396828125
0 0.5257936515625 0.8199404765624999 0.5333994703125 0.8241567453125 0.54365079375 0.8199404765624999 0.5350529093749999 0.81200396875 0.5257936515625 0.8199404765624999
0 0.5205026453125 0.8373015875 0.5132275125 0.8397817453125 0.514880953125 0.8449900796875 0.528769840625 0.8415178578125 0.5244709000000001 0.8373015875 0.5205026453125 0.8373015875
0 0.749338625 0.9858630953124999 0.746362434375 0.9910714281249999 0.7552910046875 0.9980158734375 0.759259259375 0.990079365625 0.749338625 0.9858630953124999
0 0.8346560843749999 0.6076388890625 0.828703703125 0.61259920625 0.83167989375 0.6160714281249999 0.841269840625 0.60887896875 0.8346560843749999 0.6076388890625
0 0.0922619046875 0.896825396875 0.084656084375 0.900545634375 0.0823412703125 0.9050099203125 0.0873015875 0.9084821421875 0.0919312171875 0.90302579375 0.0922619046875 0.896825396875
0 0.878306878125 0.791170634375 0.8792989421874999 0.7948908734375 0.884920634375 0.7919146828125 0.8839285718750001 0.787450396875 0.878306878125 0.791170634375
0 0.716269840625 0.7735615078125 0.7146164015625 0.7795138890625 0.71924603125 0.780505953125 0.7251984125 0.7735615078125 0.716269840625 0.7735615078125
0 0.9500661375 0.7904265875 0.94378306875 0.7956349203124999 0.9487433859375001 0.7978670640625001 0.95568783125 0.7916666671875 0.9500661375 0.7904265875
0 0.9143518515625001 0.7946428578125 0.9107142859374999 0.800347221875 0.9169973546874999 0.8013392859374999 0.9173280421875001 0.796875 0.9143518515625001 0.7946428578125