0 0.9436666671875 0.17450000000000002 0.9570000000000001 0.17425 0.9676666671874999 0.17099999999999999 0.9733333328124999 0.161 0.9493333328125001 0.16075 0.944 0.16499999999999998 0.9410000000000001 0.17075 0.9436666671875 0.17450000000000002
0 0.9119999999999999 0.18725 0.9400000000000001 0.19524999999999998 0.9630000000000001 0.18575 0.942 0.17625 0.9263333328125001 0.17425 0.9019999999999999 0.183 0.9119999999999999 0.18725
0 0.8480000000000001 0.22174999999999997 0.8613333328125 0.233 0.869 0.22875 0.874 0.2225 0.8766666671875001 0.21549999999999997 0.8633333328124999 0.20600000000000002 0.8560000000000001 0.20350000000000001 0.8513333328125 0.20600000000000002 0.8480000000000001 0.20975000000000002 0.836 0.21225 0.8480000000000001 0.22174999999999997
0 0.7943333328125 0.22325 0.798 0.23275 0.8063333328125 0.23199999999999998 0.7996666671875 0.238 0.791 0.2435 0.7893333328125001 0.25425 0.799 0.2605 0.8140000000000001 0.26675 0.8216666671875 0.26675 0.8300000000000001 0.27149999999999996 0.8463333328125 0.26925 0.8546666671875001 0.26325 0.8576666671875 0.25675 0.853 0.244 0.841 0.23725000000000002 0.8326666671874999 0.2285 0.825 0.22475 0.8176666671874999 0.22675 0.8210000000000001 0.21800000000000003 0.8063333328125 0.21200000000000002 0.8009999999999999 0.21125 0.794 0.21825 0.7943333328125 0.22325
0 0.6646666671875 0.40875000000000006 0.6683333328125001 0.40275 0.6706666671875 0.399 0.682 0.39649999999999996 0.6843333328125001 0.392 0.6963333328125 0.3935 0.6856666671875 0.375 0.6493333328124999 0.38225 0.6463333328124999 0.38625 0.6566666671875 0.40075000000000005 0.6646666671875 0.40875000000000006
0 0.636 0.43224999999999997 0.6416666671875 0.45425000000000004 0.644 0.462 0.6296666671875 0.47350000000000003 0.6343333328125 0.47975 0.6173333328124999 0.48674999999999996 0.6233333328125 0.495 0.636 0.4885 0.641 0.489 0.6593333328125001 0.48600000000000004 0.6813333328125 0.4845 0.683 0.48125 0.678 0.47575 0.6666666671875 0.46175 0.6586666671875 0.449 0.6599999999999999 0.43 0.6546666671875 0.43150000000000005 0.6443333328125 0.4295 0.636 0.43224999999999997
0 0.5526666671875 0.43125 0.5549999999999999 0.44175000000000003 0.5476666671875 0.44825 0.5573333328125 0.45899999999999996 0.5703333328125 0.46224999999999994 0.5703333328125 0.458 0.58 0.45325 0.5826666671875 0.449 0.5900000000000001 0.44475 0.6016666671875 0.446 0.621 0.43899999999999995 0.6296666671875 0.4375 0.6336666671875 0.43499999999999994 0.6373333328124999 0.43200000000000005 0.6446666671875 0.4295 0.6533333328125 0.43099999999999994 0.6586666671875 0.4295 0.6593333328125001 0.422 0.648 0.4165 0.6343333328125 0.41525 0.626 0.414 0.6213333328124999 0.40875000000000006 0.6166666671875001 0.40700000000000003 0.612 0.41325 0.5843333328125 0.414 0.5756666671875 0.41574999999999995 0.5656666671874999 0.421 0.5526666671875 0.43125
0 0.6555213671875 0.43921153906250004 0.6588888890625 0.43925000000000003 0.6596666671875 0.43875000000000003 0.66057265 0.43926923125000006 0.6613333328125 0.43815 0.6622564109375 0.43928846093749996 0.6824615390625001 0.43951923125 0.6838333328124999 0.43912500000000004 0.6841452984374999 0.43953846093750004 0.6853333328125 0.4399166671875 0.6858290593749999 0.43955769218749996 0.6875128203124999 0.4395769234375 0.6868333328125 0.4407083328125 0.6883333328125001 0.4415 0.6937083328125 0.44084375 0.6942478640624999 0.43965384687500003 0.6955 0.440625 0.6959316234374999 0.4396730765625 0.6972916671875 0.44040625 0.6976153843749999 0.4396923078125 0.6990833328125 0.44018750000000006 0.6992991453124999 0.43971153906250005 0.700875 0.43996874999999996 0.7009829062499999 0.43973076874999995 0.7026666671874999 0.43975 0.6886666671875 0.4215 0.661 0.43099999999999994 0.6598888890625 0.4374583328125 0.65383760625 0.4391923078125 0.637 0.43899999999999995 0.629777778125 0.44275000000000003 0.6283333328125 0.44349999999999995 0.637 0.45599999999999996 0.6406666671875 0.45325 0.6555213671875 0.43921153906250004
0 0.43233333281249997 0.45325 0.42433333281249996 0.45499999999999996 0.42933333281249997 0.45775 0.434 0.46375 0.43533333281250003 0.46799999999999997 0.44733333281250004 0.481 0.45599999999999996 0.49375 0.4646666671875 0.5085 0.47400000000000003 0.5055 0.49400000000000005 0.49725 0.4926666671875 0.493 0.4886666671875 0.492 0.4886666671875 0.48224999999999996 0.495 0.48200000000000004 0.5043333328124999 0.47450000000000003 0.5086666671875 0.4885 0.513 0.48600000000000004 0.514 0.481 0.5206666671875 0.481 0.513 0.47024999999999995 0.507 0.46275000000000005 0.5006666671875 0.45775 0.4943333328125 0.4485 0.489 0.445 0.4843333328125 0.441 0.47300000000000003 0.442 0.4636666671875 0.44475 0.4516666671875 0.44575 0.43233333281249997 0.45325
0 0.4363333328125 0.38849999999999996 0.42400000000000004 0.39375 0.4166666671875 0.39375 0.4033333328125 0.397 0.413 0.413 0.409 0.42374999999999996 0.4223333328125 0.42275 0.42300000000000004 0.41974999999999996 0.4313333328125 0.41775 0.434 0.41500000000000004 0.44000000000000006 0.413 0.445 0.421 0.4573333328125 0.41925 0.46966666718749994 0.41475 0.48166666718749995 0.40750000000000003 0.49066666718749996 0.4025 0.477 0.37825000000000003 0.465 0.38475000000000004 0.45099999999999996 0.388 0.4363333328125 0.38849999999999996
0 0.41566666718749995 0.34525 0.4066666671875 0.34925 0.40599999999999997 0.357 0.4046666671875 0.362 0.40933333281250006 0.36825 0.41600000000000004 0.36825 0.42033333281249996 0.37575 0.42000000000000004 0.38225 0.42366666718749996 0.391 0.43533333281250003 0.38825 0.44166666718750003 0.384 0.44266666718750003 0.3785 0.44800000000000006 0.37825000000000003 0.45199999999999996 0.38025000000000003 0.46333333281250005 0.3835 0.4703333328125 0.3785 0.4743333328125 0.37174999999999997 0.4743333328125 0.3665 0.47300000000000003 0.35675 0.4703333328125 0.35175 0.46900000000000003 0.34375 0.46266666718750005 0.33875 0.458 0.33375 0.45 0.33275 0.44066666718749997 0.33025000000000004 0.43200000000000005 0.33025000000000004 0.42300000000000004 0.33125 0.417 0.335 0.41566666718749995 0.34525
0 0.2793333328125 0.41050000000000003 0.2843333328125 0.418 0.3373333328125 0.45275 0.346 0.45499999999999996 0.36466666718749996 0.4535 0.387 0.44575 0.3963333328125 0.43775000000000003 0.4016666671875 0.42925 0.40833333281249995 0.42350000000000004 0.4136666671875 0.41200000000000003 0.4033333328125 0.397 0.3943333328125 0.39175 0.37733333281250003 0.388 0.365 0.37225 0.3843333328125 0.36625 0.38 0.36025 0.359 0.3565 0.3496666671875 0.362 0.3356666671875 0.379 0.322 0.37275 0.315 0.365 0.32966666718750004 0.35825 0.3283333328125 0.35125 0.308 0.35150000000000003 0.292 0.36375 0.29900000000000004 0.374 0.3016666671875 0.3855 0.2773333328125 0.3815 0.2646666671875 0.38275000000000003 0.25833333281250004 0.38975 0.2673333328125 0.4 0.2723333328125 0.40700000000000003 0.2793333328125 0.41050000000000003
0 0.2536666671875 0.5872499999999999 0.2513333328125 0.5905 0.2456666671875 0.59175 0.2366666671875 0.6012500000000001 0.229 0.60175 0.23033333281249999 0.5974999999999999 0.2186666671875 0.5965 0.20400000000000001 0.60325 0.20299999999999999 0.611 0.1953333328125 0.6052500000000001 0.19 0.6105 0.1833333328125 0.6195 0.1876666671875 0.627 0.187 0.637 0.1813333328125 0.64175 0.17266666718749998 0.65425 0.17266666718749998 0.66125 0.1826666671875 0.66175 0.199 0.65025 0.20633333281250002 0.6375 0.20633333281250002 0.64625 0.209 0.64925 0.2206666671875 0.651 0.233 0.64775 0.23533333281250002 0.6595 0.24 0.662 0.2673333328125 0.64225 0.2896666671875 0.62225 0.2956666671875 0.61175 0.29300000000000004 0.60725 0.2906666671875 0.58775 0.2796666671875 0.5815 0.2796666671875 0.576 0.274 0.57475 0.2693333328125 0.58025 0.2536666671875 0.5872499999999999
0 0.2286666671875 0.5335 0.2206666671875 0.538 0.22200000000000003 0.5469999999999999 0.2093333328125 0.5515 0.199 0.54975 0.194 0.55325 0.194 0.567 0.19766666718749998 0.577 0.20633333281250002 0.583 0.2323333328125 0.58075 0.2346666671875 0.57725 0.22633333281249998 0.57175 0.21833333281249998 0.5622499999999999 0.2193333328125 0.55775 0.2236666671875 0.5525 0.24333333281249997 0.5535 0.25033333281250003 0.562 0.257 0.5625 0.26033333281250004 0.56925 0.2716666671875 0.57275 0.2766666671875 0.56175 0.2716666671875 0.5475 0.264 0.54025 0.25433333281250003 0.5389999999999999 0.2286666671875 0.5335
0 0.279 0.6877500000000001 0.274 0.6940000000000001 0.2863333328125 0.708 0.3003333328125 0.708 0.307 0.69425 0.30733333281249997 0.68625 0.313 0.67925 0.3333333328125 0.6715 0.34199999999999997 0.66625 0.346 0.66625 0.3456666671875 0.655 0.34700000000000003 0.64725 0.34900000000000003 0.6405000000000001 0.3286666671875 0.6405000000000001 0.29733333281249996 0.63775 0.288 0.6587500000000001 0.279 0.6877500000000001
0 0.571 0.658 0.5599999999999999 0.65825 0.545 0.66625 0.5373333328125 0.661 0.5263333328125 0.662 0.5126666671875 0.6587500000000001 0.507 0.6535 0.5 0.6545 0.496 0.65775 0.4853333328125 0.6575 0.4683333328125 0.65625 0.4613333328125 0.6605000000000001 0.46299999999999997 0.66875 0.47533333281249995 0.6837500000000001 0.485 0.69225 0.4883333328125 0.69675 0.497 0.7 0.5043333328124999 0.70525 0.5056666671875 0.72725 0.508 0.74125 0.5143333328125 0.744 0.5273333328125 0.745 0.533 0.74175 0.546 0.737 0.546 0.73225 0.553 0.7252500000000001 0.567 0.718 0.5706666671875 0.71325 0.5803333328125 0.7055 0.5823333328125 0.6990000000000001 0.5866666671874999 0.69825 0.5936666671874999 0.69275 0.597 0.6825 0.5966666671875 0.66925 0.5973333328125 0.66175 0.5926666671875 0.6575 0.5820000000000001 0.659 0.571 0.658
0 0.489 0.5655 0.515 0.60175 0.528 0.6025 0.5436666671875 0.5934999999999999 0.568 0.57475 0.5856666671874999 0.59875 0.5873333328125 0.6052500000000001 0.583 0.643 0.5703333328125 0.6565000000000001 0.581 0.659 0.5933333328125 0.65825 0.5973333328125 0.661 0.5973333328125 0.67125 0.5973333328125 0.682 0.6076666671875001 0.657 0.621 0.61475 0.621 0.592 0.6133333328125 0.5862499999999999 0.6096666671875 0.5705 0.601 0.56025 0.6013333328125 0.54075 0.592 0.533 0.58 0.5345 0.5356666671875 0.522 0.5083333328124999 0.5237499999999999 0.4486666671875 0.53525 0.4313333328125 0.54075 0.4413333328125 0.5650000000000001 0.4556666671875 0.57625 0.489 0.5655
0 0.538 0.49775 0.548 0.514 0.5533333328125 0.5207499999999999 0.553 0.5269999999999999 0.5660000000000001 0.52925 0.5660000000000001 0.515 0.584 0.5095 0.5843333328125 0.49450000000000005 0.585 0.48324999999999996 0.5813333328125 0.46675000000000005 0.5646666671875 0.47050000000000003 0.5446666671875 0.4805 0.541 0.48925 0.538 0.49775
0 0.625 0.5255 0.6186666671875 0.5315000000000001 0.6106666671875 0.53725 0.6026666671875 0.541 0.604 0.5555 0.604 0.56025 0.627 0.55725 0.6383333328125 0.5559999999999999 0.638 0.5505 0.648 0.548 0.6556666671875 0.55125 0.6599999999999999 0.55325 0.6606666671875 0.5425 0.655 0.5377500000000001 0.6473333328125 0.53325 0.642 0.53525 0.65 0.54 0.6446666671875 0.545 0.6336666671875 0.5465 0.6276666671875 0.5429999999999999 0.6156666671875 0.54125 0.6153333328125 0.53675 0.6196666671875 0.5315000000000001 0.63 0.53025 0.636 0.525 0.6393333328125 0.5305 0.6453333328124999 0.5305 0.6463333328124999 0.5269999999999999 0.639 0.51875 0.6403333328125 0.516 0.631 0.50825 0.628 0.516 0.6236666671875 0.52175 0.625 0.5255
0 0.53 0.43775000000000003 0.5046666671875 0.46175 0.5273333328125 0.47325 0.5493333328125 0.45425000000000004 0.53 0.43775000000000003
0 0.3613333328125 0.7015 0.3616666671875 0.7055 0.3806666671875 0.716 0.43899999999999995 0.7295 0.4483333328125 0.71 0.4556666671875 0.70675 0.45866666718750004 0.69775 0.45933333281250005 0.6865 0.4413333328125 0.689 0.4413333328125 0.6950000000000001 0.433 0.69775 0.421 0.692 0.41633333281249996 0.689 0.4066666671875 0.6872499999999999 0.4006666671875 0.6835 0.4153333328125 0.6832499999999999 0.421 0.674 0.413 0.66875 0.41100000000000003 0.6717500000000001 0.40433333281249995 0.65725 0.3996666671875 0.6447499999999999 0.392 0.6375 0.3406666671875 0.6757500000000001 0.346 0.6825 0.3546666671875 0.6980000000000001 0.3613333328125 0.7015
0 0.346 0.6667500000000001 0.3446666671875 0.67225 0.3933333328125 0.63725 0.399 0.6447499999999999 0.40433333281249995 0.657 0.4106666671875 0.6715 0.413 0.6685 0.4216666671875 0.67475 0.414 0.66575 0.41200000000000003 0.661 0.4183333328125 0.66225 0.433 0.6599999999999999 0.43499999999999994 0.66525 0.434 0.6719999999999999 0.43933333281250003 0.673 0.4443333328125 0.6797500000000001 0.45366666718750004 0.68225 0.44066666718749997 0.66225 0.422 0.6415 0.378 0.6265 0.3566666671875 0.6305 0.353 0.6395 0.34700000000000003 0.64675 0.346 0.6667500000000001
0 0.481 0.81225 0.4903333328125 0.8145 0.5309999999999999 0.8089999999999999 0.5443333328125 0.8082499999999999 0.5596666671875 0.8092499999999999 0.5806666671875 0.80425 0.6006666671875001 0.7889999999999999 0.587 0.787 0.581 0.7775000000000001 0.5726666671875 0.774 0.562 0.7705 0.5553333328125001 0.76075 0.5373333328125 0.75675 0.52 0.7542500000000001 0.506 0.755 0.4956666671875 0.773 0.49000000000000005 0.7809999999999999 0.488 0.79525 0.481 0.81225
0 0.4 0.63375 0.4226666671875 0.64125 0.4306666671875 0.6487499999999999 0.43433333281250003 0.642 0.4403333328125 0.641 0.44299999999999995 0.635 0.4516666671875 0.63575 0.4526666671875 0.64025 0.4493333328125 0.642 0.457 0.6487499999999999 0.4603333328125 0.6465 0.45933333281250005 0.624 0.472 0.61925 0.47300000000000003 0.58275 0.4206666671875 0.58175 0.40533333281250006 0.584 0.4006666671875 0.601 0.4 0.63375
0 0.4603333328125 0.624 0.4603333328125 0.63025 0.47366666718749995 0.64325 0.481 0.639 0.4663333328125 0.6335 0.46699999999999997 0.628 0.481 0.62775 0.491 0.6345 0.5246666671875 0.6184999999999999 0.49000000000000005 0.5662499999999999 0.4436666671875 0.581 0.472 0.5822499999999999 0.4723333328125 0.6195 0.4603333328125 0.624
0 0.3083333328125 0.584 0.31266666718749997 0.59225 0.3093333328125 0.59975 0.29933333281249996 0.61575 0.3093333328125 0.62425 0.313 0.61675 0.32166666718750003 0.61475 0.3353333328125 0.61125 0.3233333328125 0.60275 0.3366666671875 0.59675 0.3493333328125 0.59475 0.357 0.5972500000000001 0.352 0.60625 0.37066666718749997 0.61 0.37266666718749997 0.5962500000000001 0.3846666671875 0.591 0.38933333281250004 0.59575 0.3786666671875 0.6052500000000001 0.36833333281249997 0.61975 0.3876666671875 0.61825 0.388 0.61 0.38933333281250004 0.60725 0.3886666671875 0.59875 0.3936666671875 0.5945 0.40033333281249994 0.60175 0.41333333281250006 0.56425 0.4023333328125 0.5635 0.38 0.564 0.37466666718749997 0.56775 0.344 0.5725 0.2976666671875 0.58025 0.3083333328125 0.584
0 0.1616666671875 0.70075 0.1533333328125 0.705 0.164296296875 0.7123333328125 0.16299999999999998 0.71505 0.1603333328125 0.71685 0.160277778125 0.7185833328125 0.159 0.71775 0.1453333328125 0.7212500000000001 0.1536666671875 0.722 0.1623333328125 0.72775 0.176 0.728 0.176 0.72175 0.1666666671875 0.72275 0.16155555625 0.7194166671875 0.1643333328125 0.71415 0.1656666671875 0.71325 0.16305555625 0.7000416671874999 0.1741666671875 0.694375 0.17533333281250002 0.6944583328125 0.1853333328125 0.7055 0.19083333281249998 0.70475 0.19966666718749998 0.71575 0.1988888890625 0.7144999999999999 0.200203703125 0.71455555625 0.2093333328125 0.69425 0.207 0.68475 0.21033333281250002 0.6799999999999999 0.16799999999999998 0.6705 0.1783333328125 0.69225 0.17333333281250002 0.69225 0.17433333281250002 0.6933541671875 0.1616666671875 0.70075
0 0.264 0.78575 0.2693333328125 0.8019999999999999 0.28500000000000003 0.7865 0.2726666671875 0.7769999999999999 0.259 0.768 0.21800000000000003 0.76525 0.21600000000000003 0.7777499999999999 0.2423333328125 0.78025 0.264 0.78575
0 0.267 0.8009999999999999 0.265 0.82025 0.2556666671875 0.829 0.29 0.83725 0.309 0.8240000000000001 0.3066666671875 0.81075 0.318 0.8035 0.321 0.7837500000000001 0.3163333328125 0.78175 0.2736666671875 0.776 0.284 0.78725 0.272 0.8007500000000001 0.267 0.8009999999999999
0 0.37075627187500004 0.765846775 0.3704 0.7675500000000001 0.38533333281250004 0.78225 0.398 0.7929999999999999 0.414 0.7975 0.4326666671875 0.79825 0.4523333328125 0.8007500000000001 0.45366666718750004 0.79725 0.4443333328125 0.795 0.44000000000000006 0.7967500000000001 0.43600000000000005 0.7915 0.42885714375 0.7857142859375 0.4293809515625 0.7845 0.43966666718749997 0.783 0.43166666718749996 0.76525 0.4256666671875 0.7605000000000001 0.4256666671875 0.74475 0.43 0.74075 0.43075 0.7395937499999999 0.4305197140625 0.738411290625 0.43150000000000005 0.7384375000000001 0.43224999999999997 0.73728125 0.43336559062499996 0.7371048390625 0.433 0.736125 0.43375 0.73496875 0.4347885296875 0.7364516125 0.441903225 0.7331854843750001 0.44160000000000005 0.73225 0.443326165625 0.7325322578125 0.4447491046875 0.7318790328125 0.4453333328125 0.73275 0.45466666718750004 0.73975 0.465 0.7394999999999999 0.48287878749999996 0.7399545453124999 0.4835833328125 0.7388125 0.4846666671875 0.74 0.48224999999999996 0.7348125 0.48608333281249994 0.7339375 0.48655555625 0.73275 0.488 0.7335 0.4956666671875 0.727 0.5 0.7302500000000001 0.506 0.7295 0.49644444375 0.7256666671875001 0.5003333328124999 0.7190000000000001 0.4926666671875 0.7190000000000001 0.4914166671875 0.7179375 0.496 0.7162499999999999 0.5016666671875 0.70575 0.49028315468750006 0.71097580625 0.48966666718749996 0.7115 0.48886021562500004 0.7116290328125 0.4886666671875 0.713125 0.4874372765625 0.7122822578125 0.4845913984375 0.713588709375 0.483222221875 0.713 0.4853333328125 0.70175 0.4766666671875 0.7045 0.46733333281249995 0.7122499999999999 0.45899999999999996 0.704 0.45366666718750004 0.70775 0.4483333328125 0.70975 0.43833333281250003 0.729 0.414 0.725 0.4046666671875 0.73125 0.40226666718750004 0.742725 0.401259259375 0.7428611109375 0.3886666671875 0.7235 0.382 0.72025 0.3756666671875 0.72375 0.36833333281249997 0.7342500000000001 0.3503333328125 0.7545 0.3693333328125 0.7665 0.37075627187500004 0.765846775
0 0.1856666671875 0.53625 0.197 0.545 0.2026666671875 0.54975 0.2226666671875 0.54575 0.2206666671875 0.53625 0.2196666671875 0.5275000000000001 0.193 0.479 0.16699999999999998 0.48525 0.1633333328125 0.49225 0.1793333328125 0.51925 0.1856666671875 0.53625
0 0.23004761875000002 0.47492857187500004 0.22993939375 0.475909090625 0.24303030312499999 0.4795454546875 0.23933333281250002 0.48575 0.2410317453125 0.48575 0.24055555625 0.48674999999999996 0.24666666718750002 0.49175 0.2573333328125 0.49375 0.264 0.49355000000000004 0.26437499999999997 0.4925625 0.2656666671875 0.49349999999999994 0.26480952343749997 0.48575 0.275 0.48575 0.29533333281249996 0.48075 0.31 0.48724999999999996 0.3076666671875 0.47424999999999995 0.274 0.47400000000000003 0.24864285625 0.4745357140625 0.25 0.4725 0.25 0.46799999999999997 0.2306666671875 0.46425 0.2266666671875 0.475 0.22835714375 0.4749642859375 0.2283030296875 0.4754545453125 0.23004761875000002 0.47492857187500004
0 0.279 0.33175 0.261 0.31575000000000003 0.2306666671875 0.33799999999999997 0.25 0.337 0.267 0.3295 0.279 0.33175
0 0.1923333328125 0.92075 0.175 0.9075 0.1543333328125 0.9145 0.1636666671875 0.9369999999999999 0.183 0.9269999999999999 0.1923333328125 0.92075
0 0.497 0.6345 0.497 0.646 0.512 0.63875 0.5353333328125001 0.64375 0.5366666671875 0.6235 0.54 0.617 0.5363333328125 0.59925 0.528 0.60275 0.5146666671875 0.60275 0.5243333328124999 0.61925 0.497 0.6345
0 0.37966666718750003 0.526 0.37033333281249997 0.5207499999999999 0.35 0.5389999999999999 0.3576666671875 0.53925 0.361 0.54325 0.37966666718750003 0.526
0 0.331 0.57475 0.3406666671875 0.5605 0.3306666671875 0.55125 0.314 0.5495 0.31433333281250003 0.563 0.31433333281250003 0.57725 0.331 0.57475
0 0.301 0.608 0.31066666718749997 0.592 0.3023333328125 0.5825 0.2823333328125 0.5805 0.2893333328125 0.588 0.2936666671875 0.606 0.301 0.608