0 0.463186078125 0.2264683734375 0.47891566250000006 0.218185240625 0.491298528125 0.20839608437499998 0.4976572953125 0.2010542171875 0.43473895625000003 0.17978162656250002 0.3671352078125 0.162274096875 0.341700134375 0.16961596406249999 0.3313253015625 0.18467620468749998 0.463186078125 0.2264683734375
0 0.45013386874999994 0.4612198796875 0.42737617187500004 0.468185240625 0.39825970625 0.4836219875 0.39558232968749996 0.49623493906249994 0.3979250328125 0.5124246984374999 0.4170013390625 0.5320030124999999 0.43507362812499994 0.5393448796875 0.46385542187500006 0.5466867468750001 0.48728246249999996 0.5451807234375 0.5177376171875 0.536521084375 0.5391566265625001 0.5239081328124999 0.550535475 0.5073418671875001 0.550870146875 0.48889307187500003 0.5525435078125 0.48230421718749994 0.542503346875 0.47816264999999997 0.5244310578125 0.469691265625 0.5030120484375 0.46310240937499997 0.47690763125 0.4599021078125 0.45013386874999994 0.4612198796875
0 0.10040160625000001 0.407191265625 0.1385542171875 0.3879894578125 0.12851405625 0.36878764999999997 0.0665997328125 0.375564759375 0.0813253015625 0.40436747031250003 0.087349396875 0.40436747031250003 0.10040160625000001 0.407191265625
0 0.971552878125 0.3140060234375 0.9762382859375001 0.3147590359375 0.979919678125 0.31174698749999996 0.9685408296875 0.3102409640625 0.9588353406250001 0.31287650624999996 0.9608433734374999 0.31494728906249997 0.971552878125 0.3140060234375
0 0.906961178125 0.40775602343750006 0.9099732265625 0.41057981874999994 0.9190093703125 0.399849396875 0.9153279781249999 0.39834337343750004 0.9116465859374999 0.40060240937499997 0.9036144578125 0.39420180781249997 0.8992637218749999 0.39627259062500003 0.9096385546875 0.40267319218750003 0.906961178125 0.40775602343750006
0 0.9267068265624999 0.454066265625 0.9250334671875 0.4465361453125 0.9123159296875001 0.44728915625 0.9029451140625 0.4523719875 0.9226907625 0.4606551203125 0.9267068265624999 0.454066265625
0 0.97255689375 0.5432981921875 0.991298528125 0.5429216875 0.9973226234375 0.5440512046875 0.998995984375 0.5393448796875 0.9638554218750001 0.5399096390625 0.95716198125 0.5434864453125 0.9608433734374999 0.546875 0.97255689375 0.5432981921875
0 0.9933065593749999 0.6024096390625 0.998326640625 0.5965737953125 0.9946452484374999 0.5954442765625 0.9902945109375001 0.5986445781249999 0.986278446875 0.59958584375 0.979919678125 0.5980798187499999 0.979919678125 0.59487951875 0.9846050875 0.5899849390624999 0.9748995984375 0.589043675 0.9738955828125 0.5973268078125 0.978580990625 0.59958584375 0.98527443125 0.6027861453125001 0.9933065593749999 0.6024096390625
0 0.9170013390625 0.5820783125 0.9253681390624999 0.58396084375 0.9320615796875 0.58320783125 0.9380856765625 0.5788780124999999 0.93473895625 0.5758659640625 0.9287148593750001 0.5768072296875 0.9233601078125 0.5753012046875 0.921017403125 0.571724396875 0.9106425703125 0.5721009031250001 0.9106425703125 0.5753012046875 0.9170013390625 0.5820783125
0 0.8975903609375001 0.7063253015625001 0.9059571625 0.708772590625 0.9163319953125001 0.709525603125 0.9303882203124999 0.714608434375 0.9380856765625 0.7117846390625 0.9340696124999999 0.708396084375 0.9186746984375 0.7021837343749999 0.9086345375 0.6991716875 0.8979250328124999 0.6982304218750001 0.8875502015625001 0.7004894578124999 0.8828647921874999 0.703125 0.8848728250000001 0.7053840359375 0.89257028125 0.702560240625 0.8975903609375001 0.7063253015625001
0 0.864123159375 0.93787650625 0.8560910312500001 0.932981928125 0.8504016062499999 0.932981928125 0.8507362781250001 0.9367469875 0.862784471875 0.943147590625 0.864123159375 0.93787650625
0 0.5461847390625 0.890060240625 0.5374832656249999 0.88949548125 0.5311244984375 0.890625 0.5338018734375 0.9026731921875 0.542168675 0.9043674703125 0.551539490625 0.9030496984375 0.5605756359375 0.896272590625 0.569946453125 0.8955195781249999 0.56258366875 0.8923192765625 0.5575635875 0.8889307234375 0.5498661312500001 0.8853539156249999 0.5338018734375 0.8815888546874999 0.5331325296875 0.8857304218750001 0.54283801875 0.8874246984375 0.5461847390625 0.890060240625
0 0.4742302546875 0.7797439765624999 0.47356091093749997 0.770143071875 0.470214190625 0.770143071875 0.4742302546875 0.7797439765624999
0 0.5 0.85429216875 0.5013386875 0.8565512046875 0.5097054890625 0.853727409375 0.5097054890625 0.84883283125 0.5050200796875 0.8477033125 0.5043507359375 0.8522213859375001 0.5 0.85429216875
0 0.31726907656250003 0.8876129515625 0.3186077640625 0.8919427703125 0.312918340625 0.8945783125 0.31392235625 0.89683735 0.32295850000000004 0.8940135546875 0.321954484375 0.8881777109375 0.321954484375 0.88554216875 0.328647925 0.8853539156249999 0.335341365625 0.8876129515625 0.336010709375 0.8847891562499999 0.3249665328125 0.8821536140624999 0.3165997328125 0.8829066265625001 0.3102409640625 0.8859186749999999 0.31726907656250003 0.8876129515625
0 0.3413654625 0.8964608437500001 0.343038821875 0.8913780125 0.34939759062500003 0.8859186749999999 0.3393574296875 0.8893072296875 0.337014725 0.8940135546875 0.337014725 0.901731928125 0.3413654625 0.8964608437500001
0 0.046854082812499996 0.233433734375 0.051539490624999997 0.23870481875 0.0682730921875 0.23964608437499998 0.0696117796875 0.23663403593750001 0.057228915625 0.2358810234375 0.0542168671875 0.2311746984375 0.058567603125 0.2266566265625 0.055555556250000006 0.22213855468750002 0.0481927703125 0.224774096875 0.046854082812499996 0.233433734375
0 0.0448460515625 0.2528237953125 0.051539490624999997 0.25508283125000003 0.055220882812500004 0.2522590359375 0.0491967875 0.24962349375 0.051539490624999997 0.2420933734375 0.044511378125 0.233810240625 0.039156626562500005 0.235316265625 0.0465194109375 0.2420933734375 0.03447121875 0.2424698796875 0.03447121875 0.24529367500000002 0.04149933125 0.2467996984375 0.0448460515625 0.2528237953125
0 0.7275769750000001 0.49736445781249994 0.7248995984375 0.499435240625 0.73661311875 0.5015060234375001 0.7476572953125 0.50508283125 0.7520080328125001 0.5112951812500001 0.758032128125 0.5075301203125 0.756693440625 0.5022590359375 0.7617135203125 0.4966114453125 0.76338688125 0.4909638546875 0.7573627843749999 0.48588102343750006 0.7603748328125 0.48192771093750003 0.7536813921875 0.48286897656249994 0.751004015625 0.4851280125 0.7429718875 0.4860692765625 0.7399598390625 0.48814006093750006 0.7402945109375 0.4926581328125 0.7406291828125 0.4966114453125 0.735609103125 0.49868222968750003 0.7275769750000001 0.49736445781249994
0 0.7533467203125 0.6127635546875 0.7553547515625 0.6169051203125 0.76338688125 0.619352409375 0.7680722890625 0.625 0.77309236875 0.6253765062500001 0.77309236875 0.6214231921875 0.77041499375 0.6163403609375 0.77309236875 0.6123870484375 0.7694109765625 0.6103162656250001 0.76606425625 0.613893071875 0.76606425625 0.6076807234375 0.7727576968750001 0.6018448796875 0.7617135203125 0.6020331328124999 0.755689425 0.6078689765624999 0.7533467203125 0.6127635546875
0 0.7894912984375 0.587349396875 0.799531459375 0.5963855421875001 0.8159303875000001 0.600150603125 0.8165997328125 0.5971385546875 0.8025435078125 0.5933734937499999 0.793842034375 0.5849021078125001 0.798862115625 0.5803840359375 0.7955153953125 0.57925451875 0.7908299859375 0.5820783125 0.7894912984375 0.587349396875
0 0.6382195453125 0.6069277109375 0.6342034812499999 0.6003388546874999 0.628179384375 0.5939382531249999 0.6278447125 0.589043675 0.6178045515624999 0.583772590625 0.6117804546875 0.59487951875 0.62148594375 0.6073042171874999 0.6382195453125 0.6069277109375
0 0.6321954484375001 0.6327183734374999 0.630187415625 0.6298945781249999 0.6345381531250001 0.6248117468750001 0.6315261046875 0.6223644578124999 0.6251673359375001 0.6321536140624999 0.630187415625 0.634977409375 0.63554216875 0.6351656625000001 0.643574296875 0.631400603125 0.64825970625 0.6221762046875 0.6419009375 0.6234939765624999 0.6388888890625 0.63083584375 0.6321954484375001 0.6327183734374999
0 0.3755020078125 0.5715361453125001 0.3828647921875 0.5732304218750001 0.38989290468750004 0.5655120484375 0.3838688078125 0.5564759031250001 0.37717536875 0.55741716875 0.3818607765625 0.5660768078125 0.3755020078125 0.5715361453125001
0 0.415327978125 0.45745481874999994 0.429384203125 0.4606551203125 0.4334002671875 0.45632530156250006 0.42737617187500004 0.4497364453125 0.42436412343749996 0.44710090312500006 0.4193440421875 0.45011295156250003 0.4143239625 0.4448418671875 0.40863453749999995 0.44804216874999997 0.41365461875 0.44992469843749994 0.4246987953125 0.45180722968750003 0.42804551562500004 0.4559487953125 0.41867469843749994 0.45463102343750006 0.4123159296875 0.45500752968749997 0.40361445781249994 0.4548192765625 0.3959170015625 0.4559487953125 0.39959839375 0.4599021078125 0.4059571625 0.45914909687499994 0.41967871562500003 0.46272590312500006 0.4233601078125 0.4602786140625 0.415327978125 0.45745481874999994
0 0.527108434375 0.1705572296875 0.5448460515625 0.16716867500000002 0.5645917 0.1649096390625 0.5645917 0.1600150609375 0.5475234265625 0.1632153609375 0.53647925 0.16208584374999999 0.534136546875 0.165474396875 0.5257697453125 0.16754518125 0.527108434375 0.1705572296875
0 0.12617135156249998 0.43862951875 0.11044176718750001 0.43862951875 0.11077643906250001 0.4442771078125 0.12382864843750001 0.44239457812499994 0.12617135156249998 0.43862951875