0 0.2828947375 0.5785 0.263706140625 0.563 0.2494517546875 0.5549999999999999 0.245614034375 0.5622499999999999 0.23464912343750002 0.5662499999999999 0.21600877187499998 0.5755 0.2247807015625 0.583 0.241776315625 0.583 0.2626096484375 0.581 0.2828947375 0.5785
0 0.398026315625 0.5900000000000001 0.4259868421875 0.59075 0.4265350875 0.587 0.39912280624999996 0.5865 0.398026315625 0.5900000000000001
0 0.4172149125 0.6265 0.42050438593750006 0.63775 0.43366228125 0.63775 0.429276315625 0.6265 0.4172149125 0.6265
0 0.24616228125 0.59425 0.25 0.60175 0.2587719296875 0.60175 0.25383771875 0.593 0.24616228125 0.59425
0 0.6052631578125001 0.6597500000000001 0.5953947375 0.658 0.5888157890625 0.66525 0.5685307015625 0.67475 0.5783991234375 0.67775 0.594846490625 0.6679999999999999 0.6052631578125001 0.6597500000000001
0 0.55701754375 0.68125 0.5646929828125 0.69275 0.5767543859375001 0.692 0.565241228125 0.67925 0.55701754375 0.68125
0 0.59923245625 0.67525 0.631578946875 0.67525 0.631578946875 0.67 0.59758771875 0.6705 0.59923245625 0.67525
0 0.6650219296875 0.7955 0.67269736875 0.8092499999999999 0.6842105265625 0.8099999999999999 0.6754385968750001 0.7955 0.6650219296875 0.7955
0 0.7626096484375 0.80625 0.75548245625 0.8154999999999999 0.7658991234375 0.8182499999999999 0.771929825 0.8065 0.7626096484375 0.80625
0 0.6743421046875 0.5780000000000001 0.7061403515625 0.581 0.7072368421874999 0.57575 0.6776315796875 0.5740000000000001 0.6743421046875 0.5780000000000001
0 0.13212719374999998 0.5505 0.10635964843750001 0.544 0.10197368437500001 0.5475 0.12335526249999999 0.5535 0.13212719374999998 0.5505