0 0.3729838703125 0.012852821875 0.366935484375 0.0088205640625 0.35282258125 0.0166330640625 0.3534946234375 0.0199092734375 0.35752688125 0.020917339062500002 0.3729838703125 0.012852821875
0 0.40591397812499996 0.027469757812500002 0.40692204375 0.03780241875 0.41229838750000003 0.038306451562499996 0.4099462359375 0.026965726562499997 0.40591397812499996 0.027469757812500002
0 0.4375 0.08694556406250001 0.45766129062500005 0.1015625 0.462365590625 0.0960181453125 0.4422043015625 0.083165321875 0.4375 0.08694556406250001
0 0.6290322578125 0.0350302421875 0.6293682796875 0.039818548437500004 0.6327284953125 0.051411290624999995 0.639784946875 0.0521673390625 0.63642473125 0.0367943546875 0.6290322578125 0.0350302421875
0 0.528561828125 0.11693548437500001 0.5265456984375 0.1113911296875 0.51142473125 0.11239919375 0.5013440859375 0.11416330625 0.5047043015625 0.1192036296875 0.51142473125 0.11794354843749999 0.528561828125 0.11693548437500001
0 0.9304435484375 0.13155241875 0.9610215046875 0.142137096875 0.965389784375 0.1348286296875 0.9331317203125 0.125252015625 0.9304435484375 0.13155241875
0 0.749663978125 0.152973790625 0.75 0.1600302421875 0.7560483875 0.15977822656250001 0.7584005375 0.15146169375000001 0.749663978125 0.152973790625
0 0.31686827968750003 0.643901209375 0.34072580625 0.65498991875 0.346438171875 0.6494455640625 0.32157258125 0.6370967734375 0.31686827968750003 0.643901209375
0 0.2318548390625 0.5504032265625 0.2597446234375 0.5476310484375 0.2967069890625 0.54561491875 0.33165322656249996 0.53603830625 0.375 0.5209173390624999 0.397513440625 0.51436491875 0.411962365625 0.5118447578125 0.4223790328125 0.5191532265625 0.43817204375 0.5259576609375001 0.4590053765625 0.5294858875 0.47412634374999996 0.5372983875 0.48219086093749997 0.5448588703125 0.47983870937499995 0.5509072578125 0.46102150468750003 0.5677923390624999 0.443212365625 0.5824092734375 0.43447580625000004 0.5864415328125 0.42405913906250003 0.5879536296875 0.398185484375 0.6010584671875 0.391801075 0.6055947578125 0.383736559375 0.6043346781250001 0.38810483906250004 0.6144153218749999 0.39482526875 0.609375 0.402889784375 0.6101310484375 0.42405913906250003 0.607862903125 0.4448924734375 0.6020665328125 0.463709678125 0.59375 0.48017473125 0.5816532265625 0.4905913984375 0.57157258125 0.49227150468750003 0.5619959671875 0.4905913984375 0.55166330625 0.4915994625 0.53251008125 0.488239246875 0.5183971781250001 0.4727822578125 0.5105846781250001 0.45497311875 0.5057963703125 0.43985215 0.5037802421875 0.42069892500000006 0.5010080640625 0.39381720468750003 0.5005040328125 0.38709677343750004 0.49873991875 0.371639784375 0.4916834671875 0.3545026875 0.4916834671875 0.3229166671875 0.497227821875 0.2906586015625 0.504536290625 0.270161290625 0.5131048390624999 0.253360215625 0.520161290625 0.2379032265625 0.52217741875 0.1969086015625 0.5216733875 0.13037634375 0.5234375 0.12231182812500001 0.5214213703125 0.1293682796875 0.531502015625 0.130712365625 0.5428427421875 0.13037634375 0.5556955640625 0.1347446234375 0.5650201609375001 0.139784946875 0.5698084671875 0.15322580624999999 0.5682963703125 0.202284946875 0.5599798390624999 0.2318548390625 0.5504032265625
0 0.40188172031249997 0.6464213703125 0.4079301078125 0.642137096875 0.4109543015625 0.633064515625 0.40658602187500004 0.6285282265625 0.40020161249999997 0.6260080640625 0.39247311875 0.6270161296875 0.38844086093749997 0.6302923390624999 0.3847446234375 0.6370967734375 0.38642473125 0.6444052421875 0.39247311875 0.6466733875 0.40188172031249997 0.6464213703125
0 0.53125 0.5372983875 0.53360215 0.5289818546875 0.5238575265625001 0.5292338703125 0.5211693546875 0.5362903218749999 0.5218413984375 0.5400705640625 0.5252016125 0.5410786296875 0.53125 0.5372983875
0 0.5806451609375001 0.6381048390624999 0.581989246875 0.6335685484375 0.576612903125 0.6290322578125 0.5786290328125 0.632560484375 0.5769489250000001 0.6368447578125 0.5732526874999999 0.6355846781250001 0.5688844093750001 0.6227318546875 0.5611559140625 0.625252015625 0.5695564515625 0.63407258125 0.5665322578125 0.6378528218749999 0.5712365593750001 0.639112903125 0.5806451609375001 0.6381048390624999
0 0.178763440625 0.6068548390624999 0.1629704296875 0.606098790625 0.16095430156249999 0.6103830640625 0.167338709375 0.6111391125 0.1770833328125 0.6101310484375 0.178763440625 0.6068548390624999
0 0.264448925 0.581401209375 0.275537634375 0.6043346781250001 0.2825940859375 0.60282258125 0.2718413984375 0.5786290328125 0.264448925 0.581401209375
0 0.3054435484375 0.3898689515625 0.300739246875 0.38457661249999997 0.29502688125 0.37752016093749996 0.2849462359375 0.37928427343750004 0.284610215625 0.387348790625 0.2906586015625 0.39188508125 0.298387096875 0.38785282187500003 0.3054435484375 0.3898689515625
0 0.25537634374999996 0.2147177421875 0.25235215 0.2205141125 0.277889784375 0.2305947578125 0.2802419359375 0.22605846718749997 0.25537634374999996 0.2147177421875