0 0.5400219296875 0.69625 0.5438596484375 0.6905 0.5389254390625 0.6695 0.5263157890625 0.6645 0.4775219296875 0.669 0.46655701718750003 0.67475 0.466008771875 0.69025 0.46710526249999995 0.7055 0.4884868421875 0.713 0.5433114031249999 0.70275 0.5400219296875 0.69625
0 0.4248903515625 0.6214999999999999 0.3974780703125 0.6205 0.3985745609375 0.62425 0.4265350875 0.6245 0.4248903515625 0.6214999999999999
0 0.61951754375 0.6799999999999999 0.5942982453125001 0.686 0.600328946875 0.6905 0.6233552625 0.68475 0.61951754375 0.6799999999999999
0 0.47313596562500004 0.79125 0.4375 0.79325 0.43914473750000005 0.79825 0.47313596562500004 0.7967500000000001 0.47313596562500004 0.79125
0 0.40186403437499996 0.73575 0.38048245625 0.73 0.3721491234375 0.7253999999999999 0.3702850875 0.725525 0.3744517546875 0.7497499999999999 0.38048245625 0.76075 0.3930921046875 0.75575 0.41008771875 0.76375 0.4177631578125 0.77125 0.43366228125 0.76675 0.4325657890625 0.7605000000000001 0.43969298281249997 0.75475 0.4561403515625 0.752 0.4802631578125 0.7344999999999999 0.4775219296875 0.7190000000000001 0.466008771875 0.7122499999999999 0.4572368421875 0.7125 0.4111842109375 0.725 0.40405701718750003 0.7315 0.40186403437499996 0.73575
0 0.445723684375 0.5615 0.45230263125 0.5655 0.460526315625 0.56525 0.4561403515625 0.5599999999999999 0.445723684375 0.5615
0 0.372258771875 0.466 0.3782894734375 0.46349999999999997 0.377741228125 0.4605 0.3700657890625 0.4585 0.3634868421875 0.4585 0.357456140625 0.462 0.36293859687499996 0.465 0.372258771875 0.466
0 0.40021929843750004 0.261 0.40789473750000005 0.26525 0.41173245625000005 0.263 0.40021929843750004 0.261
0 0.403508771875 0.892 0.4013157890625 0.9027499999999999 0.41173245625000005 0.9067500000000001 0.41173245625000005 0.89125 0.403508771875 0.892
0 0.9314692984375 0.867 0.92105263125 0.8787499999999999 0.9325657890624999 0.88225 0.9424342109375001 0.86575 0.9380482453125 0.8627499999999999 0.9314692984375 0.867
0 0.7620614031249999 0.94525 0.7735745609375 0.95975 0.7828947375 0.9567500000000001 0.7763157890625 0.9432499999999999 0.7620614031249999 0.94525
0 0.18037280625000002 0.62425 0.1529605265625 0.627 0.15241228125 0.63075 0.17982456093750002 0.62975 0.18037280625000002 0.62425
0 0.3333333328125 0.381 0.3223684203125 0.381 0.3251096484375 0.38975 0.3360745609375 0.38925 0.3333333328125 0.381
0 0.66008771875 0.361 0.6485745609375 0.3675 0.6529605265625 0.36924999999999997 0.6633771937499999 0.3635 0.66008771875 0.361
0 0.86019736875 0.8009999999999999 0.86019736875 0.81125 0.8793859656249999 0.81125 0.8766447375 0.7995 0.86019736875 0.8009999999999999