0 0.01075 0.17105263125 0.019 0.1770833328125 0.02475 0.1732456140625 0.00975 0.13103070156250002 0.006 0.1348684203125 0.00075 0.1354166671875 0.00025 0.1688596484375 0.0055 0.17543859687500002 0.01075 0.17105263125
0 0.156 0.2889254390625 0.16175 0.2993421046875 0.173 0.3015350875 0.1795 0.3020833328125 0.186 0.304276315625 0.191 0.2938596484375 0.18875 0.280153509375 0.18975 0.25603070156249996 0.1775 0.2423245609375 0.17075 0.22587719375 0.16825 0.219846490625 0.15625 0.20833333281250002 0.13799999999999998 0.206688596875 0.132 0.22203947343750002 0.129 0.241776315625 0.131 0.25712719375000004 0.14225000000000002 0.27521929843750004 0.149 0.280153509375 0.156 0.2889254390625
0 0.2185 0.27521929843750004 0.22275 0.26480263125 0.2265 0.2532894734375 0.22749999999999998 0.243421053125 0.22725 0.23464912343750002 0.223 0.21600877187499998 0.21275 0.2044956140625 0.20425 0.195723684375 0.1965 0.1825657890625 0.18625 0.1716008765625 0.18125 0.1748903515625 0.17575000000000002 0.180921053125 0.1695 0.1787280703125 0.16625 0.191885965625 0.1675 0.19956140312499998 0.16725 0.20942982500000001 0.17075 0.225328946875 0.1775 0.241776315625 0.1905 0.2549342109375 0.19775 0.2653508765625 0.20800000000000002 0.2763157890625 0.2185 0.27521929843750004
0 0.1565 0.20833333281250002 0.1545 0.1973684203125 0.14875 0.190241228125 0.14175 0.186403509375 0.12925 0.19462719374999998 0.12325 0.19956140312499998 0.122 0.21600877187499998 0.12575 0.23464912343750002 0.131 0.22203947343750002 0.13799999999999998 0.206688596875 0.1565 0.20833333281250002
0 0.11925 0.10197368437500001 0.10925 0.085526315625 0.09975 0.0986842109375 0.10674999999999998 0.12390350937500001 0.11599999999999999 0.11677631562499999 0.11925 0.10197368437500001
0 0.20249999999999999 0.3634868421875 0.20375000000000001 0.3327850875 0.18925 0.337171053125 0.18725 0.357456140625 0.1955 0.370614034375 0.20249999999999999 0.3634868421875
0 0.2915 0.5153508765625 0.305 0.5098684203125 0.3075 0.497258771875 0.306 0.48574561406249994 0.30274999999999996 0.4599780703125 0.29300000000000004 0.460526315625 0.28425 0.46710526249999995 0.28250000000000003 0.47587719375 0.28575 0.4890350875 0.2855 0.49945175468749997 0.2895 0.50548245625 0.2915 0.5153508765625
0 0.4145 0.47313596562500004 0.42125 0.4533991234375 0.42675 0.43092105312499995 0.41900000000000004 0.418311403125 0.41200000000000003 0.41173245625000005 0.41 0.429276315625 0.40475000000000005 0.4473684203125 0.4145 0.47313596562500004
0 0.57475 0.2576754390625 0.5894999999999999 0.258223684375 0.59325 0.2483552625 0.60075 0.2236842109375 0.592 0.2061403515625 0.58675 0.2055921046875 0.579 0.19462719374999998 0.57575 0.2110745609375 0.5780000000000001 0.2171052625 0.572 0.21600877187499998 0.5587500000000001 0.2088815796875 0.5625 0.21600877187499998 0.553 0.21546052656249998 0.54475 0.223135965625 0.53525 0.230811403125 0.52675 0.2313596484375 0.526 0.2373903515625 0.5277499999999999 0.2423245609375 0.5425 0.24616228125 0.5467500000000001 0.25383771875 0.5559999999999999 0.259320175 0.57475 0.2576754390625
0 0.52675 0.3563596484375 0.5269999999999999 0.34758771875 0.53325 0.370614034375 0.5375 0.39144736875 0.54425 0.39912280624999996 0.5555 0.40021929843750004 0.56525 0.39912280624999996 0.5700000000000001 0.3919956140625 0.5765 0.3908991234375 0.5822499999999999 0.38212719375000004 0.57925 0.373903509375 0.57075 0.366776315625 0.5662499999999999 0.366776315625 0.56025 0.3607456140625 0.55625 0.3645833328125 0.55275 0.37116228125 0.5465 0.36787280624999996 0.54225 0.3552631578125 0.5347500000000001 0.3388157890625 0.53425 0.32894736875 0.52325 0.320723684375 0.519 0.3223684203125 0.5165 0.320723684375 0.5105000000000001 0.3212719296875 0.51375 0.3333333328125 0.5157499999999999 0.35581140312500004 0.5237499999999999 0.372258771875 0.5315000000000001 0.3766447375 0.52675 0.3563596484375
0 0.7415 0.2203947375 0.746 0.22149122812500002 0.7455 0.2330043859375 0.753 0.24067982500000001 0.76075 0.2439692984375 0.7657499999999999 0.2439692984375 0.77125 0.22916666718749998 0.7755 0.22203947343750002 0.7747499999999999 0.20833333281250002 0.7707499999999999 0.2061403515625 0.7657499999999999 0.2017543859375 0.7615000000000001 0.2006578953125 0.76125 0.18366228125 0.757 0.1650219296875 0.753 0.149671053125 0.748 0.1463815796875 0.741 0.14692982500000001 0.73725 0.1436403515625 0.74 0.129385965625 0.735 0.1282894734375 0.7325 0.1359649125 0.7255 0.151864034375 0.7275 0.158991228125 0.7315 0.151864034375 0.7344999999999999 0.1463815796875 0.7344999999999999 0.16173245625 0.7382500000000001 0.17269736875 0.74 0.1907894734375 0.7384999999999999 0.20394736875000002 0.7415 0.2203947375
0 0.34275 0.2505482453125 0.34925 0.20339912343750002 0.33849999999999997 0.21655701718749998 0.325 0.23410087656249998 0.307 0.28508771875 0.331 0.2631578953125 0.34275 0.2505482453125
0 0.353 0.351973684375 0.355 0.33826754375 0.33125 0.320723684375 0.33075 0.3470394734375 0.3415 0.3640350875 0.353 0.351973684375
0 0.08725000000000001 0.151864034375 0.09025 0.1529605265625 0.10049999999999999 0.14692982500000001 0.10200000000000001 0.1381578953125 0.094 0.13212719374999998 0.0865 0.13103070156250002 0.08625000000000001 0.120614034375 0.08 0.111293859375 0.074 0.12006578906250001 0.072 0.129385965625 0.06875 0.1381578953125 0.068 0.14857456093750002 0.05500000000000001 0.15076754375 0.05275 0.16228070156250002 0.060250000000000005 0.1705043859375 0.06825 0.164473684375 0.07625 0.1672149125 0.08175 0.16392543906249998 0.08725000000000001 0.151864034375