0 0.1748366015625 0.265625 0.17892156875 0.264399509375 0.18504902031249998 0.262867646875 0.19076797343750002 0.26164215625 0.1924019609375 0.2610294125 0.18995097968750002 0.2579656859375 0.187091503125 0.254289215625 0.18504902031249998 0.2515318625 0.1817810453125 0.2481617640625 0.18055555625 0.2481617640625 0.1809640515625 0.24908088281250002 0.179330065625 0.25 0.1748366015625 0.25306372499999996 0.167483659375 0.25704656875 0.17116013125 0.26225490156250003 0.17279411718749998 0.2640931375 0.1748366015625 0.265625
0 0.721813725 0.451899509375 0.7254901953124999 0.453125 0.7279411765625 0.453125 0.741013071875 0.4466911765625 0.7426470593750001 0.4463848046875 0.7442810453125001 0.44607843125 0.7446895421875 0.4442401953125 0.7430555562500001 0.44178921562499995 0.74142156875 0.43995097968749997 0.7377450984375 0.437193628125 0.7344771234375 0.43504902031250003 0.73202614375 0.43382352968750004 0.7291666671875 0.43382352968750004 0.7287581703125 0.434742646875 0.7279411765625 0.4359681375 0.7177287578125 0.44607843125 0.7173202609375 0.447303921875 0.7181372546875 0.44883578437500005 0.721813725 0.451899509375
0 0.5870098046875001 0.9923406859374999 0.5833333328125 0.9852941171875 0.5698529406249999 0.965992646875 0.56331699375 0.9555759796875 0.5477941171875 0.9280024515624999 0.54289215625 0.919117646875 0.52573529375 0.92585784375 0.4844771234375 0.9411764703125 0.4889705875 0.9506740203125 0.50081699375 0.969975490625 0.519199346875 0.999693628125 0.5767973859375 0.999693628125 0.5870098046875001 0.9923406859374999
0 0.51633986875 0.9990808828125 0.508986928125 0.99448529375 0.5077614374999999 0.9920343140625001 0.509395425 0.9908088234375001 0.5110294125 0.9868259796875 0.5073529406249999 0.9806985296875 0.5049019609375 0.9776348046875001 0.5 0.973039215625 0.48733660156249997 0.9785539218749999 0.484068628125 0.981311275 0.48120915000000003 0.981617646875 0.47630718906249997 0.98039215625 0.4591503265625 0.9834558828125 0.453431371875 0.9868259796875 0.46241830000000006 0.999693628125 0.515931371875 0.999693628125 0.51633986875 0.9990808828125
0 0.6478758171875 0.8345588234375001 0.6609477125 0.8339460781250001 0.6609477125 0.8302696078125 0.6478758171875 0.830882353125 0.6478758171875 0.8345588234375001
0 0.64297385625 0.8419117640625 0.6299019609375 0.83823529375 0.6282679734375 0.8400735296875 0.6421568625 0.8443627453125 0.64297385625 0.8419117640625
0 0.6405228765625 0.8498774515624999 0.6274509796875 0.844975490625 0.62581699375 0.8486519609375 0.6388888890625 0.8523284312499999 0.6405228765625 0.8498774515624999
0 0.62418300625 0.8523284312499999 0.633986928125 0.8541666671874999 0.634803921875 0.8517156859374999 0.625 0.84926470625 0.62418300625 0.8523284312499999
0 0.6078431375 0.8486519609375 0.5947712421875 0.842524509375 0.5931372546875 0.8455882359375 0.60702614375 0.8517156859374999 0.6078431375 0.8486519609375
0 0.6299019609375 0.7849264703125 0.6209150328125 0.776960784375 0.6184640515625001 0.7794117640625 0.6266339875 0.7873774515624999 0.6299019609375 0.7849264703125
0 0.6209150328125 0.745710784375 0.633169934375 0.7408088234375 0.6307189546874999 0.7377450984375 0.616013071875 0.7450980390625 0.6209150328125 0.745710784375
0 0.7287581703125 0.7181372546875 0.73366013125 0.7236519609375 0.7369281046875 0.721813725 0.73366013125 0.717524509375 0.7295751640625 0.7126225484375001 0.7263071890624999 0.7138480390625 0.7287581703125 0.7181372546875
0 0.7467320265625 0.5140931375 0.7459150328125 0.5232843140625 0.75 0.5238970593750001 0.75 0.5134803921875 0.7467320265625 0.5140931375
0 0.2099673203125 0.98039215625 0.2263071890625 0.9785539218749999 0.2271241828125 0.9748774515624999 0.2099673203125 0.9761029406249999 0.2099673203125 0.98039215625
0 0.6282679734375 0.746936275 0.6323529406249999 0.751225490625 0.6372549015625 0.7506127453125 0.6323529406249999 0.745710784375 0.6282679734375 0.746936275