0 0.06725 0.1596666671875 0.061 0.1626666671875 0.05575 0.1606666671875 0.04675 0.1643333328125 0.04 0.1606666671875 0.03025 0.1686666671875 0.026250000000000002 0.17233333281250002 0.03275 0.1806666671875 0.05575 0.181 0.07225000000000001 0.179 0.075 0.17733333281250002 0.06725 0.1596666671875
0 0.20750000000000002 0.5596666671875 0.19575 0.53 0.19125 0.493 0.1615 0.513 0.14875 0.519 0.11374999999999999 0.5323333328125 0.125 0.593 0.13225 0.6043333328125 0.1505 0.5903333328125 0.20750000000000002 0.5596666671875
0 0.11374999999999999 0.45933333281250005 0.10375000000000001 0.4726666671875 0.09025 0.4883333328125 0.10049999999999999 0.4883333328125 0.099 0.49833333281250003 0.11525 0.499 0.12775 0.48166666718749995 0.11750000000000001 0.46900000000000003 0.11374999999999999 0.45933333281250005
0 0.26825 0.6356666671875 0.252 0.6256666671875 0.2515 0.629 0.24500000000000002 0.63 0.2495 0.6146666671875 0.252 0.608 0.28225 0.5746666671875 0.248 0.5796666671875 0.22075 0.5823333328125 0.19325 0.5940000000000001 0.19524999999999998 0.6203333328125 0.1975 0.6543333328125 0.256 0.642 0.26825 0.6356666671875
0 0.26725 0.637 0.28650000000000003 0.6506666671875 0.31124999999999997 0.6663333328125 0.34249999999999997 0.6766666671875 0.36575 0.6836666671875 0.38025000000000003 0.65 0.39675 0.636 0.41375 0.6126666671875001 0.40175 0.6006666671875001 0.39325 0.5966666671875 0.35225 0.592 0.33575 0.5973333328125 0.34125 0.5873333328125 0.315 0.5656666671874999 0.30325 0.5693333328125 0.2975 0.5563333328125 0.27275 0.5903333328125 0.25225 0.6076666671875001 0.25025 0.6143333328125 0.24474999999999997 0.63 0.24975 0.63 0.25125000000000003 0.6263333328125 0.26725 0.637
0 0.47474999999999995 0.6596666671875 0.47775 0.639 0.47975 0.635 0.47975 0.624 0.47175 0.6243333328125 0.454 0.6206666671875001 0.446 0.5953333328125 0.42625 0.608 0.41925 0.601 0.41050000000000003 0.616 0.39725 0.633 0.391 0.6443333328125 0.38849999999999996 0.674 0.388 0.7003333328125 0.38925 0.727 0.40374999999999994 0.731 0.44275000000000003 0.7243333328125 0.4465 0.7083333328125 0.47474999999999995 0.6596666671875
0 0.31925 0.8543333328125 0.35350000000000004 0.8866666671875001 0.38775 0.9119999999999999 0.41475 0.9416666671874999 0.42675 0.916 0.42000000000000004 0.8943333328125 0.43 0.9029999999999999 0.43975 0.8723333328124999 0.44625000000000004 0.841 0.43174999999999997 0.8276666671875 0.41075 0.8230000000000001 0.39775 0.8116666671875 0.372 0.792 0.35225 0.7816666671875 0.3235 0.7536666671875001 0.31525 0.7613333328125 0.3125 0.77 0.30125 0.7803333328125001 0.27749999999999997 0.8186666671875 0.29275 0.8343333328125 0.30274999999999996 0.8423333328125 0.3125 0.844 0.31925 0.8543333328125
0 0.7285 0.17233333281250002 0.73475 0.16833333281250001 0.74025 0.1756666671875 0.76125 0.159 0.77275 0.1476666671875 0.748 0.1326666671875 0.73775 0.122 0.71925 0.132 0.6995 0.1563333328125 0.7070000000000001 0.1576666671875 0.714 0.16899999999999998 0.7285 0.17233333281250002
0 0.575 0.4756666671875 0.58675 0.46966666718749994 0.57525 0.44800000000000006 0.56475 0.4596666671875 0.5519999999999999 0.4703333328125 0.55225 0.476 0.56325 0.47933333281249996 0.575 0.4756666671875
0 0.638 0.5566666671875 0.62975 0.5596666671875 0.6365000000000001 0.5666666671875 0.63625 0.5706666671875 0.64525 0.5683333328125 0.638 0.5566666671875
0 0.7025 0.524 0.6950000000000001 0.5309999999999999 0.704 0.542 0.7082499999999999 0.5386666671875 0.7025 0.524
0 0.76075 0.5206666671875 0.76425 0.537 0.7747499999999999 0.516 0.76625 0.516 0.76075 0.5206666671875
0 0.8567500000000001 0.545 0.8782500000000001 0.5796666671875 0.90025 0.5700000000000001 0.8755000000000001 0.5463333328125 0.8567500000000001 0.545
0 0.55675 0.2033333328125 0.5455 0.1823333328125 0.54375 0.186 0.55375 0.20566666718749999 0.55675 0.2033333328125
0 0.55975 0.1936666671875 0.5535 0.1973333328125 0.55275 0.20800000000000002 0.55525 0.21200000000000002 0.5615 0.2106666671875 0.56425 0.20099999999999998 0.56375 0.1946666671875 0.55975 0.1936666671875
0 0.23199999999999998 0.5326666671875 0.21200000000000002 0.5226666671875 0.2045 0.5316666671875 0.1975 0.5346666671875 0.19924999999999998 0.5429999999999999 0.209 0.5496666671875 0.21425 0.5423333328125 0.22275 0.5423333328125 0.23199999999999998 0.5326666671875
0 0.11750000000000001 0.6636666671875 0.12475 0.6556666671875 0.11850000000000001 0.6233333328125 0.12375 0.607 0.11850000000000001 0.5966666671875 0.10400000000000001 0.597 0.09 0.601 0.08249999999999999 0.6176666671875 0.08299999999999999 0.6226666671875 0.0805 0.631 0.08975 0.6433333328125 0.0955 0.6563333328125001 0.11750000000000001 0.6636666671875
0 0.23825 0.6756666671875 0.23925000000000002 0.6633333328125001 0.21925 0.663 0.199 0.6646666671875 0.19575 0.6633333328125001 0.2085 0.6940000000000001 0.23825 0.6756666671875
0 0.6769999999999999 0.9390000000000001 0.6677500000000001 0.9436666671875 0.66425 0.9506666671874999 0.6497499999999999 0.9543333328125 0.64375 0.966 0.646 0.9813333328124999 0.65425 0.9986666671875 0.7245 0.9976666671875 0.72575 0.9896666671875 0.713 0.984 0.70675 0.9803333328124999 0.69375 0.982 0.68975 0.9789999999999999 0.68275 0.9753333328125 0.67825 0.9650000000000001 0.67725 0.952 0.68025 0.9443333328125 0.6769999999999999 0.9390000000000001
0 0.92925 0.6606666671875 0.9115 0.6643333328125001 0.9025000000000001 0.6526666671875 0.876 0.6596666671875 0.8685 0.671 0.87375 0.683 0.8947499999999999 0.6973333328125 0.92225 0.7013333328125 0.92875 0.6799999999999999 0.92925 0.6606666671875
0 0.6677500000000001 0.4723333328125 0.637 0.4446666671875 0.6305 0.4573333328125 0.6625 0.48666666718749996 0.667 0.47933333281249996 0.6677500000000001 0.4723333328125
0 0.68475 0.40700000000000003 0.70275 0.4143333328125 0.69725 0.40433333281249995 0.67675 0.3843333328125 0.673 0.3883333328125 0.67 0.3936666671875 0.666 0.396 0.66875 0.404 0.68475 0.40700000000000003
0 0.7122499999999999 0.5293333328125 0.7085 0.5256666671875 0.7065 0.4956666671875 0.69675 0.4956666671875 0.6875 0.504 0.6875 0.5146666671875 0.70275 0.525 0.70775 0.5343333328125001 0.7122499999999999 0.5293333328125
0 0.35175 0.4336666671875 0.3545 0.42933333281249997 0.34525 0.41 0.33725 0.41500000000000004 0.33599999999999997 0.4183333328125 0.341 0.4296666671875 0.35175 0.4336666671875
0 0.41675000000000006 0.5 0.422 0.5306666671875 0.45625 0.5196666671875 0.453 0.4933333328125 0.41675000000000006 0.5
0 0.40125 0.601 0.40499999999999997 0.583 0.42225 0.572 0.4265 0.55 0.42350000000000004 0.5466666671875 0.41974999999999996 0.532 0.40425000000000005 0.529 0.398 0.533 0.391 0.5349999999999999 0.3855 0.5506666671875 0.392 0.5740000000000001 0.39725 0.58 0.3935 0.596 0.40125 0.601
0 0.37025 0.5623333328125 0.35550000000000004 0.5559999999999999 0.34725 0.5573333328125 0.33625 0.571 0.35175 0.5900000000000001 0.37124999999999997 0.5906666671874999 0.37275 0.5780000000000001 0.37025 0.5623333328125
0 0.42675 0.6076666671875001 0.43525 0.602 0.43274999999999997 0.597 0.43550000000000005 0.5846666671875 0.434 0.5776666671874999 0.43324999999999997 0.5676666671875 0.43025 0.5693333328125 0.40599999999999997 0.5813333328125 0.40199999999999997 0.6006666671875001 0.413 0.6116666671875 0.41950000000000004 0.6006666671875001 0.42675 0.6076666671875001
0 0.391 0.576 0.37875000000000003 0.583 0.37124999999999997 0.5923333328125 0.39275000000000004 0.5940000000000001 0.39775 0.58 0.391 0.576
0 0.5662499999999999 0.7030000000000001 0.579 0.6990000000000001 0.59475 0.6906666671874999 0.597 0.6793333328125 0.5700000000000001 0.667 0.5589999999999999 0.6853333328125 0.55925 0.7003333328125 0.5662499999999999 0.7030000000000001
0 0.6012500000000001 0.8926666671874999 0.58025 0.8916666671875 0.5605 0.9083333328125001 0.5705 0.9363333328125 0.591 0.9273333328125 0.607 0.9123333328125 0.6012500000000001 0.8926666671874999
0 0.34825 0.5183333328125 0.34550000000000003 0.5063333328125 0.33875 0.5033333328125 0.3415 0.5253333328124999 0.361 0.5366666671875 0.364 0.521 0.34825 0.5183333328125
0 0.3485 0.5173333328124999 0.36375 0.5206666671875 0.36375 0.5166666671875 0.3625178578125 0.5161190484375 0.362921875 0.5153333328125 0.35878125 0.5086666671875 0.365 0.5023333328125 0.36150000000000004 0.493 0.351875 0.4950416671875 0.351328125 0.4966666671875 0.3505 0.49533333281249997 0.3465 0.509 0.34773214218750004 0.50954761875 0.3469 0.5106666671875 0.3485 0.5173333328124999
0 0.6287499999999999 0.5389999999999999 0.61625 0.533 0.60975 0.5406666671875 0.6265 0.541 0.6327499999999999 0.5509999999999999 0.64025 0.5503333328125 0.6287499999999999 0.5389999999999999
0 0.8669166671875 0.5674074078125 0.8671944437500001 0.5669629625 0.868 0.5683333328125 0.8701071421875 0.562730159375 0.8840357140625 0.5745952375 0.882 0.5783333328125 0.8895 0.5856666671874999 0.8945000000000001 0.583 0.8884583328125 0.578277778125 0.8615357140625 0.555428571875 0.86075 0.5559999999999999 0.8604642859375 0.5545158734375 0.8596617640625001 0.5549999999999999 0.8593928578125001 0.553603175 0.8585735296875001 0.554 0.8583214281249999 0.5526904765625 0.8574852937499999 0.553 0.85725 0.5517777781250001 0.856397059375 0.5519999999999999 0.856178571875 0.5508650796875 0.8553088234375 0.5509999999999999 0.8551071421875 0.54995238125 0.8542205875000001 0.55 0.8540357140625 0.5490396828125 0.8531323531250001 0.549 0.8529642859375001 0.548126984375 0.8520441171875 0.548 0.8518928578124999 0.5472142859375 0.8509558828125 0.5469999999999999 0.850821428125 0.5463015875 0.849867646875 0.546 0.84975 0.5453888890624999 0.8487794125000001 0.545 0.848678571875 0.544476190625 0.8476911765624999 0.544 0.8476071421875 0.5435634921875 0.846602940625 0.5429999999999999 0.8465357140625 0.54265079375 0.84551470625 0.542 0.8454642859374999 0.5417380953125 0.8422499999999999 0.5389999999999999 0.8387499999999999 0.5433333328125001 0.8658333328125 0.5664814812500001 0.8663888890625 0.5655925921875 0.8669166671875 0.5674074078125
0 0.23275 0.767 0.21875 0.7666666671875 0.2125 0.7736666671875 0.21000000000000002 0.7833333328125 0.21725 0.7936666671875 0.23424999999999999 0.787 0.23275 0.767
0 0.66975 0.914 0.6745 0.922 0.6865 0.9046666671875 0.67875 0.9023333328125 0.66975 0.914