0 0.622957515625 0.2432598046875 0.6213235296875 0.22579656875 0.6205065359375 0.21476715624999998 0.6123366015625 0.207414215625 0.6000816999999999 0.2025122546875 0.5890522875 0.2012867640625 0.580882353125 0.22977941249999997 0.5874183000000001 0.2337622546875 0.5947712421875 0.234681371875 0.6004901953124999 0.252757353125 0.616013071875 0.250306371875 0.622957515625 0.2432598046875
0 0.43341503281250005 0.2120098046875 0.427696078125 0.21415441249999997 0.4203431375 0.21476715624999998 0.4219771234375 0.2205882359375 0.43218954218750005 0.22242647031249999 0.43668300625 0.21599264687500003 0.43341503281250005 0.2120098046875
0 0.64460784375 0.155024509375 0.6364379078125 0.1501225484375 0.63357843125 0.15471813750000002 0.633986928125 0.16176470625 0.64133986875 0.16176470625 0.6466503265625 0.1596200984375 0.64460784375 0.155024509375
0 0.3263888890625 0.337928921875 0.3296568625 0.3216911765625 0.3190359484375 0.32138480468749997 0.3263888890625 0.337928921875
0 0.37173202656250004 0.326899509375 0.3815359484375 0.3186274515625 0.37132352968750004 0.31648284375 0.37173202656250004 0.326899509375
0 0.4828431375 0.34129902031250003 0.47589869218749997 0.34007352968750004 0.47303921562499995 0.34712009843749997 0.47426470624999995 0.3532475484375 0.4844771234375 0.3541666671875 0.4865196078125 0.346507353125 0.4828431375 0.34129902031250003
0 0.518382353125 0.382352940625 0.5228758171875 0.377757353125 0.5208333328125 0.3587622546875 0.508169934375 0.36611519531250003 0.5061274515624999 0.379289215625 0.5130718953125 0.396446078125 0.51879085 0.39613970625 0.518382353125 0.382352940625
0 0.48366013125 0.372242646875 0.49264705937500003 0.3697916671875 0.48815359531249997 0.36611519531250003 0.48366013125 0.372242646875
0 0.491830065625 0.250306371875 0.481617646875 0.25245097968749997 0.47508169999999994 0.25245097968749997 0.48120915000000003 0.25704656875 0.48733660156249997 0.257352940625 0.49428104531250006 0.2545955875 0.491830065625 0.250306371875
0 0.5584150328125 0.323835784375 0.5682189546874999 0.3299632359375 0.57271241875 0.3259803921875 0.571895425 0.32261029375 0.5584150328125 0.323835784375
0 0.562091503125 0.3443627453125 0.5657679734375 0.348039215625 0.571895425 0.34068627500000004 0.5625 0.34068627500000004 0.562091503125 0.3443627453125
0 0.43341503281250005 0.4767156859375 0.426879084375 0.47579656875 0.41789215625000004 0.484375 0.4227941171875 0.48927696093749995 0.428104575 0.487132353125 0.436274509375 0.487132353125 0.43831699375 0.4828431375 0.43341503281250005 0.4767156859375
0 0.4203431375 0.4310661765625 0.42606209218749996 0.4368872546875 0.43178104531250006 0.42585784374999996 0.428104575 0.4237132359375 0.4203431375 0.4310661765625
0 0.47303921562499995 0.4825367640625 0.4591503265625 0.4834558828125 0.4546568625 0.48743872499999996 0.4607843140625 0.4935661765625 0.47426470624999995 0.5009191171875 0.48039215625000004 0.4911151953125 0.47303921562499995 0.4825367640625
0 0.4852941171875 0.7873774515624999 0.49509803906250005 0.7889093140625 0.49346405156250006 0.7732843140625 0.49428104531250006 0.7631740203125 0.49142156875 0.75551470625 0.49673202656250004 0.748774509375 0.49223856250000003 0.74295343125 0.48120915000000003 0.73988970625 0.48120915000000003 0.7276348046875001 0.4767156859375 0.7153799015625 0.4779411765625 0.7046568625 0.44362745156249994 0.688725490625 0.4375 0.69914215625 0.43504902031250003 0.7037377453125 0.4244281046875 0.7040441171875 0.41870915000000003 0.7107843140625 0.42973856250000003 0.7212009796875 0.43178104531250006 0.7254901953124999 0.420751634375 0.7334558828125 0.40890522812499996 0.7319240203125 0.40931372499999996 0.738664215625 0.4064542484375 0.751225490625 0.41094771249999995 0.754289215625 0.4166666671875 0.7619485296875 0.421568628125 0.7622549015625 0.43341503281250005 0.75398284375 0.420751634375 0.7447916671875 0.41952614375 0.7408088234375 0.43423202656250004 0.7521446078125 0.4517973859375 0.77726715625 0.4587418296875 0.775428921875 0.4852941171875 0.7873774515624999
0 0.633986928125 0.6957720593750001 0.64133986875 0.7037377453125 0.6315359484374999 0.7123161765625 0.6196895421875 0.7212009796875 0.6107026140625 0.734681371875 0.60702614375 0.7417279406249999 0.6139705875 0.747242646875 0.627042484375 0.7509191171875 0.644199346875 0.7493872546875 0.6372549015625 0.7484681375 0.633986928125 0.7377450984375 0.6458333328125 0.7294730390625 0.6638071890624999 0.7267156859375 0.6740196078125 0.7212009796875 0.6805555562500001 0.7110906859375 0.6830065359375 0.7037377453125 0.6801470593750001 0.6881127453125 0.6732026140625 0.6853553921875 0.6609477125 0.6822916671875 0.6576797390625 0.67585784375 0.6580882359375 0.66329656875 0.6368464046875 0.6623774515624999 0.6315359484374999 0.669117646875 0.634803921875 0.6752450984375 0.6323529406249999 0.677696078125 0.6290849671875 0.68198529375 0.6311274515624999 0.687193628125 0.626225490625 0.6850490203125 0.6184640515625001 0.6801470593750001 0.6094771234375 0.6703431375 0.598856209375 0.674938725 0.590277778125 0.6783088234375 0.581699346875 0.6810661765625 0.58047385625 0.6920955875 0.58210784375 0.69914215625 0.596813725 0.701899509375 0.6115196078125 0.7022058828125 0.633986928125 0.6957720593750001
0 0.427696078125 0.78125 0.43504902031250003 0.778492646875 0.43464052343750004 0.7708333328125 0.420751634375 0.7720588234375 0.4129901953125 0.78125 0.41053921562499995 0.7787990203125 0.4150326796875 0.7748161765625 0.4064542484375 0.778186275 0.41380718906249997 0.78523284375 0.4203431375 0.7904411765625 0.43014705937500003 0.7861519609375 0.427696078125 0.78125
0 0.446486928125 0.7751225484375001 0.42892156875 0.782475490625 0.45016339843750003 0.7919730390625 0.4579248359375 0.7879901953124999 0.455065359375 0.7803308828125 0.446486928125 0.7751225484375001
0 0.5114379078125 0.6295955875 0.51797385625 0.630821078125 0.526143790625 0.625 0.5134803921875 0.622242646875 0.5114379078125 0.6295955875
0 0.5747549015625 0.61948529375 0.57883986875 0.6332720593750001 0.589460784375 0.6259191171875 0.5829248359375 0.6216299015625 0.5747549015625 0.61948529375
0 0.3243464046875 0.5891544125 0.3280228765625 0.5958946078125 0.3345588234375 0.5876225484375001 0.330065359375 0.583946078125 0.3243464046875 0.5891544125
0 0.5571895421875 0.9286151953124999 0.5469771234375 0.9209558828125 0.5392156859375 0.9350490203125 0.5392156859375 0.9473039218749999 0.553513071875 0.9408700984375 0.562091503125 0.9353553921875 0.5571895421875 0.9286151953124999
0 0.5845588234375 0.4286151953125 0.5796568625 0.4322916671875 0.5796568625 0.4393382359375 0.5845588234375 0.43995097968749997 0.5849673203125 0.4329044125 0.5845588234375 0.4286151953125
0 0.3888888890625 0.0747549015625 0.3901143796875 0.082414215625 0.3986928109375 0.0787377453125 0.3962418296875 0.0689338234375 0.3888888890625 0.0747549015625
0 0.5 0.3642769609375 0.5044934640625 0.3685661765625 0.51021241875 0.36642156875 0.499591503125 0.35631127500000004 0.5 0.3642769609375
0 0.1172385625 0.3302696078125 0.1205065359375 0.32567402031250003 0.1209150328125 0.3216911765625 0.1209150328125 0.31617647031249996 0.11356209218749999 0.3125 0.10212418281249999 0.31556372499999996 0.09640522812499999 0.3186274515625 0.0935457515625 0.32475490156250003 0.099673203125 0.326899509375 0.106617646875 0.3299632359375 0.1172385625 0.3302696078125
0 0.6200980390625 0.55851715625 0.6200980390625 0.5631127453125 0.62418300625 0.5762867640625 0.6307189546874999 0.5772058828125 0.625408496875 0.55851715625 0.6200980390625 0.55851715625
0 0.13929738593750002 0.1924019609375 0.12704248437500001 0.20036764687500003 0.12295751562499999 0.2095588234375 0.13521241875 0.20220588281250002 0.13929738593750002 0.195772059375 0.13929738593750002 0.1924019609375