0 0.193359375 0.03857421875 0.1920572921875 0.03271484375 0.181640625 0.02197265625 0.1725260421875 0.02392578125 0.173828125 0.03173828125 0.1868489578125 0.0322265625 0.1861979171875 0.0400390625 0.193359375 0.03857421875
0 0.7923177078125 0.43408203125 0.78125 0.43798828125 0.7825520828125 0.4482421875 0.7955729171875 0.44091796875 0.7923177078125 0.43408203125
0 0.4934895828125 0.46630859375 0.4830729171875 0.4697265625 0.484375 0.478515625 0.4889322921875 0.4833984375 0.4993489578125 0.4814453125 0.4934895828125 0.46630859375
0 0.4173177078125 0.48974609375 0.4173177078125 0.4814453125 0.3990885421875 0.48095703125 0.3951822921875 0.486328125 0.400390625 0.49072265625 0.4173177078125 0.48974609375
0 0.7220052078125 0.935546875 0.7122395828125 0.92919921875 0.7037760421875 0.93701171875 0.7154947921875 0.9423828125 0.7220052078125 0.935546875
0 0.5983072921875 0.9375 0.5442708328125 0.9638671875 0.5481770828125 0.96875 0.6002604171875 0.9423828125 0.5983072921875 0.9375
0 0.4303385421875 0.23193359375 0.42578125 0.24462890625 0.435546875 0.25732421875 0.4440104171875 0.2490234375 0.4407552078125 0.23681640625 0.4303385421875 0.23193359375
0 0.09049479218749999 0.14013671875 0.158203125 0.16796875 0.15234375 0.16259765625 0.09309895781250001 0.13525390625 0.09049479218749999 0.14013671875
0 0.4016927078125 0.33837890625 0.4186197921875 0.35302734375 0.4231770828125 0.34619140625 0.41015625 0.33642578125 0.4016927078125 0.33837890625
0 0.8717447921874999 0.537109375 0.8548177078125001 0.52880859375 0.8509114578125001 0.53662109375 0.8658854171874999 0.54345703125 0.8717447921874999 0.537109375
0 0.0305989578125 0.69287109375 0.011067707812499999 0.68505859375 0.0045572921875 0.69140625 0.0247395828125 0.697265625 0.0305989578125 0.69287109375
0 0.7936197921875 0.96435546875 0.7779947921875 0.9658203125 0.7786458328125 0.97314453125 0.7936197921875 0.970703125 0.7936197921875 0.96435546875
0 0.9381510421874999 0.95166015625 0.9264322921874999 0.95263671875 0.9153645828125001 0.94921875 0.9192708328125001 0.9580078125 0.9361979171874999 0.95703125 0.9381510421874999 0.95166015625
0 0.5182291671875 0.88427734375 0.5390625 0.89453125 0.544921875 0.8896484375 0.5227864578125 0.8779296875 0.5182291671875 0.88427734375