0 0.2001953125 0.1803385421875 0.23095703125 0.1744791671875 0.2294921875 0.1516927078125 0.1787109375 0.169921875 0.17822265625 0.1790364578125 0.18896484375 0.1751302078125 0.2001953125 0.1803385421875
0 0.57080078125 0.232421875 0.57421875 0.22526041718749998 0.57275390625 0.21028645781250002 0.5673828125 0.20638020781250002 0.54541015625 0.21419270781250002 0.54248046875 0.22330729218749998 0.54345703125 0.23177083281250002 0.57080078125 0.232421875
0 0.28857421875 0.5416666671875 0.31591796875 0.544921875 0.3564453125 0.5546875 0.37255859375 0.5436197921875 0.37939453125 0.5436197921875 0.3818359375 0.5325520828125 0.37646484375 0.5286458328125 0.3623046875 0.5149739578125 0.34765625 0.5130208328125 0.32666015625 0.509765625 0.3154296875 0.5065104171875 0.29736328125 0.5013020828125 0.287109375 0.5162760421875 0.287109375 0.5305989578125 0.28857421875 0.5416666671875
0 0.0634765625 0.1197916671875 0.05517578125 0.1041666671875 0.044921875 0.107421875 0.04931640625 0.1197916671875 0.05029296875 0.1419270828125 0.06884765625 0.1263020828125 0.0634765625 0.1197916671875
0 0.4345703125 0.466796875 0.4326171875 0.4505208328125 0.43359375 0.4342447921875 0.4267578125 0.4309895828125 0.4189453125 0.4329427078125 0.4111328125 0.435546875 0.3935546875 0.4427083328125 0.3896484375 0.46484375 0.39892578125 0.4772135421875 0.416015625 0.478515625 0.4345703125 0.466796875
0 0.3896484375 0.4641927078125 0.3935546875 0.4440104171875 0.408203125 0.4368489578125 0.40087890625 0.4322916671875 0.388671875 0.4388020828125 0.369140625 0.4622395828125 0.38916015625 0.4772135421875 0.39990234375 0.4778645828125 0.3896484375 0.4641927078125
0 0.5478515625 0.6145833328125 0.55126953125 0.6490885421875 0.58056640625 0.6276041671875 0.57861328125 0.609375 0.5478515625 0.6145833328125
0 0.9271065843749999 0.6154203875 0.939453125 0.6164772734375 0.9345703125 0.6484375 0.9453125 0.6477864578125 0.98388671875 0.6569010421875 0.99853515625 0.650390625 0.99951171875 0.6197916671875 0.9931640625 0.6009114578125 0.96875 0.6002604171875 0.9304896765624999 0.5891927078125 0.92822265625 0.587890625 0.92801339375 0.5885416671875 0.925537109375 0.587890625 0.9255859375 0.5864583328124999 0.923060825 0.5872395828125 0.92294921875 0.5850260421875 0.9203125 0.58359375 0.9205845421875001 0.5865885421875 0.9181082593750001 0.5859375 0.91767578125 0.5821614578125 0.9150390625 0.5807291671875 0.9156319749999999 0.5852864578125 0.9131556921874999 0.5846354171875 0.91162109375 0.58203125 0.910679409375 0.583984375 0.908203125 0.5833333328125 0.9013671875 0.6009114578125 0.90087890625 0.6165364578125 0.91259765625 0.6360677078125 0.92626953125 0.6360677078125 0.9271065843749999 0.6154203875
0 0.4078776046875 0.560546875 0.4083658859375 0.559027778125 0.4109700515625 0.5594618046875001 0.4099934890625 0.5625 0.41845703125 0.5703125 0.4208984375 0.56937210625 0.42099609375 0.5700520828125 0.42333984375 0.5684317125 0.42353515625 0.5697916671875001 0.42578125 0.5674913203124999 0.42607421875 0.56953125 0.42822265625 0.5665509265625001 0.42861328125 0.5692708328125 0.43115234375 0.5690104171875 0.4306640625 0.5656105328125001 0.435546875 0.5637297453125 0.443359375 0.5690104171875 0.46875 0.5690104171875 0.47021484375 0.560546875 0.4404296875 0.5618489578125 0.43798828125 0.5627893515625 0.40576171875 0.55859375 0.4078776046875 0.560546875
0 0.52001953125 0.09765625 0.47265625 0.1015625 0.47265625 0.1119791671875 0.4970703125 0.109375 0.52001953125 0.09765625
0 0.87158203125 0.3098958328125 0.87353515625 0.2994791671875 0.85986328125 0.2890625 0.853515625 0.2838541671875 0.82666015625 0.2897135421875 0.83740234375 0.3053385421875 0.845703125 0.3138020828125 0.87158203125 0.3098958328125