0 0.44362745156249994 0.72579656875 0.42892156875 0.734681371875 0.42973856250000003 0.74295343125 0.437091503125 0.7549019609375 0.448120915625 0.7610294125 0.4603758171875 0.7561274515624999 0.46568627500000004 0.7515318625 0.4848856203125 0.753063725 0.5077614374999999 0.747242646875 0.5694444437499999 0.7141544125 0.5776143796875 0.7068014703125 0.6135620921875 0.6893382359375 0.625 0.6822916671875 0.63521241875 0.671875 0.6303104578125 0.6547181375 0.6200980390625 0.644914215625 0.6045751640625 0.636335784375 0.573120915625 0.646446078125 0.54616013125 0.6645220593750001 0.528594771875 0.6697303921875 0.4844771234375 0.690257353125 0.46405228750000005 0.7022058828125 0.44893790781250004 0.7221200984375 0.44362745156249994 0.72579656875
0 0.4375 0.7549019609375 0.44893790781250004 0.7607230390625 0.4587418296875 0.7561274515624999 0.4546568625 0.754289215625 0.44526143749999997 0.746936275 0.4375 0.7380514703125 0.43668300625 0.730085784375 0.42892156875 0.733149509375 0.43014705937500003 0.74295343125 0.4375 0.7549019609375
0 0.5110294125 0.753063725 0.49509803906250005 0.77113970625 0.5036764703125 0.77726715625 0.519199346875 0.7591911765625 0.5110294125 0.753063725
0 0.5249183000000001 0.76164215625 0.5224673203125 0.7797181375 0.5318627453125 0.7797181375 0.533905228125 0.7631740203125 0.5249183000000001 0.76164215625
0 0.578431371875 0.3376225484375 0.5772058828125 0.3431372546875 0.580882353125 0.3483455875 0.59926470625 0.34712009843749997 0.6037581703125 0.35232843125 0.6127450984375 0.356617646875 0.6172385625000001 0.35232843125 0.6200980390625 0.34712009843749997 0.627042484375 0.3541666671875 0.6315359484374999 0.3455882359375 0.6319444437499999 0.34068627500000004 0.626225490625 0.33210784375 0.6213235296875 0.3229166671875 0.627042484375 0.3201593140625 0.6384803921875 0.3143382359375 0.63521241875 0.30575980468749997 0.641748365625 0.2987132359375 0.6384803921875 0.2947303921875 0.6327614374999999 0.2962622546875 0.625408496875 0.3060661765625 0.6196895421875 0.30698529375 0.6172385625000001 0.29993872499999996 0.6045751640625 0.2977941171875 0.5955882359375 0.3017769609375 0.5849673203125 0.3060661765625 0.5849673203125 0.309742646875 0.57271241875 0.3143382359375 0.5678104578125 0.323835784375 0.578431371875 0.3376225484375
0 0.580065359375 0.151960784375 0.571895425 0.14613970625 0.5563725484375001 0.141850490625 0.5404411765625 0.14307597968750002 0.528594771875 0.143382353125 0.4705882359375 0.1764705875 0.4705882359375 0.18504902031249998 0.47426470624999995 0.19761029375 0.49387254843750006 0.2080269609375 0.5126633984375 0.21170343125 0.5302287578125 0.20894607812500002 0.5739379078125 0.18198529375 0.58210784375 0.1752450984375 0.580882353125 0.1608455875 0.580065359375 0.151960784375
0 0.551879084375 0.151960784375 0.5482026140625 0.15441176406249998 0.5510620921875 0.1583946078125 0.571895425 0.15625 0.572303921875 0.1498161765625 0.562908496875 0.1495098046875 0.551879084375 0.151960784375
0 0.5265522875 0.0361519609375 0.51879085 0.0389093140625 0.5241013078125001 0.05085784375 0.528186275 0.05238970625 0.5306372546875 0.0493259796875 0.5265522875 0.0361519609375
0 0.5653594765625 0.0140931375 0.5649509796875 0.022671568750000003 0.5866013078125001 0.024203431249999997 0.5874183000000001 0.0193014703125 0.5653594765625 0.0140931375
0 0.6021241828125 0.2012867640625 0.57883986875 0.1966911765625 0.5759803921875 0.2049632359375 0.596405228125 0.20894607812500002 0.6021241828125 0.2012867640625
0 0.534313725 0.1654411765625 0.5302287578125 0.1697303921875 0.5547385625000001 0.1795343140625 0.5625 0.174632353125 0.544117646875 0.16881127499999998 0.534313725 0.1654411765625
0 0.571895425 0.0735294125 0.57271241875 0.0860906859375 0.606617646875 0.0873161765625 0.608251634375 0.0735294125 0.571895425 0.0735294125
0 0.608251634375 0.1004901953125 0.582516340625 0.0946691171875 0.58047385625 0.099571078125 0.606617646875 0.10814950937500001 0.608251634375 0.1004901953125