0 0.53125 0.03925 0.508223684375 0.042749999999999996 0.49780701718750003 0.04425 0.47094298281249997 0.04575 0.46710526249999995 0.0485 0.49561403437499996 0.05175 0.5060307015625 0.050749999999999997 0.533991228125 0.04775 0.53125 0.03925
0 0.540570175 0.4755 0.5592105265625 0.46875 0.5592105265625 0.46275000000000005 0.5498903515625 0.45975 0.5383771937499999 0.45625 0.4846491234375 0.45549999999999996 0.47039473750000005 0.45549999999999996 0.45230263125 0.45875000000000005 0.4490131578125 0.47074999999999995 0.4638157890625 0.47474999999999995 0.4950657890625 0.479 0.5180921046875 0.47850000000000004 0.540570175 0.4755
0 0.5372807015625 0.48875 0.537828946875 0.49824999999999997 0.54605263125 0.49749999999999994 0.54605263125 0.48724999999999996 0.5372807015625 0.48875
0 0.6661184203125 0.4725 0.648026315625 0.47750000000000004 0.6557017546874999 0.48150000000000004 0.6721491234375 0.47575 0.6661184203125 0.4725
0 0.2658991234375 0.5667500000000001 0.2587719296875 0.5785 0.26918859687499996 0.57975 0.271929825 0.5667500000000001 0.2658991234375 0.5667500000000001
0 0.3854166671875 0.613 0.3591008765625 0.61975 0.3645833328125 0.6235 0.3892543859375 0.61675 0.3854166671875 0.613
0 0.3673245609375 0.62275 0.36787280624999996 0.62575 0.3876096484375 0.622 0.3799342109375 0.6184999999999999 0.3673245609375 0.62275
0 0.17982456093750002 0.7295 0.22587719375 0.726 0.230811403125 0.7215 0.18037280625000002 0.725 0.17982456093750002 0.7295
0 0.22094298281250002 0.7055 0.2127192984375 0.71975 0.2286184203125 0.72025 0.23410087656249998 0.7065 0.22094298281250002 0.7055
0 0.1091008765625 0.78575 0.1162280703125 0.80175 0.131578946875 0.8002499999999999 0.12116228124999999 0.78275 0.1091008765625 0.78575
0 0.33662280624999996 0.9490000000000001 0.3728070171875 0.9585000000000001 0.38103070156249996 0.9535 0.3415570171875 0.94275 0.33662280624999996 0.9490000000000001
0 0.6814692984375 0.92975 0.6759868421874999 0.9352499999999999 0.7055921046875 0.94475 0.7072368421874999 0.93625 0.6814692984375 0.92975
0 0.251096490625 0.5685 0.24725877187499998 0.5765 0.25383771875 0.57675 0.259320175 0.56725 0.251096490625 0.5685
0 0.57730263125 0.4585 0.566885965625 0.466 0.5723684203125 0.46825 0.5827850875 0.45975 0.57730263125 0.4585
0 0.6282894734375 0.39225 0.6233552625 0.39825 0.631578946875 0.39825 0.634320175 0.39325 0.6282894734375 0.39225
0 0.6321271937499999 0.078 0.6354166671875 0.08025 0.6463815796875 0.079 0.6430921046875 0.077 0.6321271937499999 0.078
0 0.9424342109375001 0.959 0.9369517546875 0.944 0.9243421046875 0.9397500000000001 0.93366228125 0.97475 0.9654605265624999 0.97575 0.9555921046875 0.9640000000000001 0.9424342109375001 0.959
0 0.539473684375 0.8125 0.54605263125 0.81175 0.5433114031249999 0.79975 0.5438596484375 0.79425 0.5389254390625 0.79075 0.5186403515625 0.78425 0.5126096484375 0.7875 0.5115131578125001 0.7925 0.5213815796875 0.80325 0.5317982453125001 0.8065 0.526864034375 0.8109999999999999 0.539473684375 0.8125
0 0.0838815796875 0.7190000000000001 0.0783991234375 0.7215 0.063596490625 0.7224999999999999 0.0603070171875 0.7264999999999999 0.0838815796875 0.74375 0.1025219296875 0.7304999999999999 0.0959429828125 0.72275 0.0838815796875 0.7190000000000001
0 0.2044956140625 0.7545 0.2330043859375 0.75525 0.2680921046875 0.7445 0.2598684203125 0.73775 0.2044956140625 0.7545
0 0.03508771875 0.76425 0.026864034375 0.7615000000000001 0.010416667187500001 0.766 0.010416667187500001 0.7697499999999999 0.0169956140625 0.77275 0.0334429828125 0.77125 0.03508771875 0.76425