0 0.231311275 0.6025326796875 0.226102940625 0.5874183000000001 0.22855392187499998 0.5829248359375 0.226102940625 0.5751633984375 0.219056371875 0.5580065359375 0.1764705875 0.5849673203125 0.1939338234375 0.6307189546874999 0.2325367640625 0.607434640625 0.231311275 0.6025326796875
0 0.1881127453125 0.6172385625000001 0.18658088281250002 0.6127450984375 0.1822916671875 0.615196078125 0.1712622546875 0.61478758125 0.170649509375 0.6192810453125001 0.1825980390625 0.6200980390625 0.1881127453125 0.6172385625000001
0 0.23039215624999998 0.5796568625 0.2276348046875 0.5866013078125001 0.2325367640625 0.6041666671875 0.24019607812500002 0.6127450984375 0.2493872546875 0.6119281046875 0.2579656859375 0.608251634375 0.26164215625 0.6021241828125 0.26194852968750004 0.5927287578125 0.26164215625 0.5845588234375 0.266850490625 0.5763888890625 0.26960784375 0.5678104578125 0.26930147031249996 0.5608660125 0.2650122546875 0.5641339875 0.2579656859375 0.5555555562500001 0.25245097968749997 0.5555555562500001 0.2481617640625 0.5490196078125 0.24295343125 0.553513071875 0.2405024515625 0.564542484375 0.22916666718749998 0.5649509796875 0.22579656875 0.5678104578125 0.22579656875 0.573120915625 0.23039215624999998 0.5796568625
0 0.5962009796875 0.909722221875 0.594056371875 0.8995098046875001 0.578125 0.902777778125 0.5625 0.902777778125 0.562193628125 0.909722221875 0.575367646875 0.911356209375 0.5962009796875 0.909722221875
0 0.6158088234375 0.846405228125 0.609068628125 0.848039215625 0.60232843125 0.8578431375 0.606617646875 0.8656045750000001 0.6197916671875 0.8537581703124999 0.6158088234375 0.846405228125
0 0.5735294125 0.7671568625 0.5588235296875 0.7634803921875 0.5572916671875 0.768382353125 0.5729166671875 0.7728758171875 0.5735294125 0.7671568625
0 0.6427696078125 0.750408496875 0.636335784375 0.7712418296875 0.6421568625 0.7753267968750001 0.6467524515624999 0.7524509796875 0.6427696078125 0.750408496875
0 0.5952818625 0.84926470625 0.58976715625 0.848856209375 0.58670343125 0.8451797390625 0.5729166671875 0.8276143796875 0.565257353125 0.83129085 0.56648284375 0.847222221875 0.5572916671875 0.8439542484375 0.5505514703125 0.8427287578125 0.548100490625 0.8508986921874999 0.549632353125 0.85620915 0.5490196078125 0.8639705875000001 0.5606617640625 0.8631535953125 0.5704656859375 0.8598856203125 0.5713848046875001 0.8880718953125 0.6029411765625 0.8986928109375001 0.612132353125 0.890931371875 0.5952818625 0.84926470625
0 0.9080882359375 0.840277778125 0.903492646875 0.810457515625 0.894914215625 0.8190359484374999 0.8970588234375001 0.83129085 0.9001225484375001 0.8366013078125001 0.9080882359375 0.840277778125
0 0.5572916671875 0.6744281046875 0.5557598046875001 0.6899509796875 0.5606617640625 0.6907679734375 0.5609681375 0.6752450984375 0.5572916671875 0.6744281046875
0 0.22886029375 0.7328431375 0.2411151953125 0.7434640515625001 0.24417892187499998 0.740604575 0.233149509375 0.7275326796875 0.22886029375 0.7328431375
0 0.9280024515624999 0.9877450984375 0.924938725 0.9950980390625 0.9301470593750001 0.99918300625 0.9411764703125 0.99918300625 0.9280024515624999 0.9877450984375