0 0.5787760421875 0.21630859375 0.607421875 0.25634765625 0.658203125 0.240234375 0.6471354171875 0.22607421875 0.6393229171875 0.21044921875 0.6321614578125 0.18017578125 0.607421875 0.12890625 0.5813802078125 0.0830078125 0.560546875 0.08447265625 0.5227864578125 0.09033203125 0.5501302078125 0.15234375 0.5657552078125 0.18505859375 0.5787760421875 0.21630859375
0 0.7272135421875 0.90283203125 0.7154947921875 0.8837890625 0.7044270828125 0.8642578125 0.6940104171875 0.8466796875 0.6920572921875 0.83056640625 0.693359375 0.8212890625 0.6861979171875 0.81396484375 0.6471354171875 0.79248046875 0.6243489578125 0.77392578125 0.568359375 0.73974609375 0.5390625 0.744140625 0.515625 0.77099609375 0.5104166671875 0.79052734375 0.5690104171875 0.84326171875 0.5930989578125 0.86669921875 0.6653645828125 0.89990234375 0.6979166671875 0.8984375 0.7135416671875 0.89892578125 0.7272135421875 0.90283203125
0 0.734375 0.94384765625 0.716796875 0.93017578125 0.6920572921875 0.93212890625 0.6881510421875 0.94384765625 0.701171875 0.95068359375 0.7272135421875 0.9541015625 0.734375 0.94384765625
0 0.505859375 0.42333984375 0.525390625 0.4482421875 0.5891927078125 0.4638671875 0.6451822921875 0.4677734375 0.6640625 0.46533203125 0.7259114578125 0.48095703125 0.7434895828125 0.47412109375 0.7506510421875 0.462890625 0.7389322921875 0.43017578125 0.7513020828125 0.37353515625 0.744140625 0.359375 0.6920572921875 0.34912109375 0.6536458328125 0.35546875 0.6022135421875 0.3564453125 0.552734375 0.3515625 0.5260416671875 0.34912109375 0.5182291671875 0.3447265625 0.5006510421875 0.36376953125 0.5084635421875 0.35009765625 0.4947916671875 0.373046875 0.505859375 0.42333984375
0 0.7272135421875 0.25634765625 0.7786458328125 0.29345703125 0.8131510421874999 0.31396484375 0.828125 0.31787109375 0.8483072921874999 0.32470703125 0.857421875 0.322265625 0.8587239578125001 0.31298828125 0.8430989578125001 0.29541015625 0.826171875 0.27783203125 0.8014322921874999 0.26025390625 0.7897135421875 0.259765625 0.7845052078125 0.240234375 0.7669270828125 0.23095703125 0.7421875 0.216796875 0.7239583328125 0.19677734375 0.6946614578125 0.1806640625 0.6575520828125 0.17724609375 0.6529947921875 0.19091796875 0.6959635421875 0.2275390625 0.7272135421875 0.25634765625
0 0.8177083328125001 0.8232421875 0.8645833328125001 0.8310546875 0.8795572921874999 0.830078125 0.89453125 0.8134765625 0.91015625 0.796875 0.90625 0.77587890625 0.9010416671874999 0.7685546875 0.8899739578125001 0.7568359375 0.8756510421874999 0.75 0.8606770828125001 0.7412109375 0.841796875 0.74951171875 0.8385416671874999 0.759765625 0.818359375 0.77978515625 0.8072916671874999 0.79931640625 0.7936197921875 0.8115234375 0.8177083328125001 0.8232421875
0 0.4850260421875 0.4462890625 0.474609375 0.43359375 0.44921875 0.4375 0.4212239578125 0.4541015625 0.384765625 0.4697265625 0.3522135421875 0.486328125 0.291015625 0.533203125 0.3125 0.552734375 0.3430989578125 0.57373046875 0.361328125 0.59912109375 0.388671875 0.60986328125 0.455078125 0.61279296875 0.4798177078125 0.611328125 0.4811197921875 0.59130859375 0.49609375 0.568359375 0.4908854171875 0.552734375 0.4928385421875 0.525390625 0.5071614578125 0.53173828125 0.5201822921875 0.5078125 0.517578125 0.46484375 0.4850260421875 0.4462890625
0 0.4401041671875 0.734375 0.4778645828125 0.7529296875 0.5201822921875 0.74560546875 0.5475260421875 0.71728515625 0.5481770828125 0.6943359375 0.537109375 0.677734375 0.5123697921875 0.66455078125 0.478515625 0.66455078125 0.4544270828125 0.6806640625 0.4368489578125 0.708984375 0.4401041671875 0.734375
0 0.5872395828125 0.56787109375 0.583984375 0.5810546875 0.6236979171875 0.59765625 0.6393229171875 0.56005859375 0.6412760421875 0.54443359375 0.6673177078125 0.52099609375 0.6770833328125 0.4990234375 0.642578125 0.49365234375 0.583984375 0.49267578125 0.587890625 0.53271484375 0.5950520828125 0.55126953125 0.5872395828125 0.56787109375
0 0.7317708328125 0.619140625 0.7174479171875 0.57763671875 0.7057291671875 0.5859375 0.6744791671875 0.5654296875 0.6529947921875 0.5654296875 0.6328125 0.58447265625 0.6380208328125 0.60595703125 0.6712239578125 0.64111328125 0.7122395828125 0.6552734375 0.7233072921875 0.66259765625 0.7265625 0.6552734375 0.7076822921875 0.6416015625 0.7096354171875 0.62890625 0.7317708328125 0.619140625
0 0.5713975703124999 0.6145833328125 0.5716688359375001 0.6171061203125 0.571136603125 0.6180713515625 0.5703125 0.617431640625 0.56728980625 0.6179896765625 0.5703125 0.62001953125 0.5678943453125 0.6204659593749999 0.5703125 0.622607421875 0.5684988843750001 0.6229422437500001 0.569103421875 0.6254185265625 0.5703125 0.6251953125 0.570642140625 0.6254511968750001 0.5724826390625 0.6246744796875 0.57275390625 0.627197265625 0.5697079609375 0.6278948093750001 0.5730251734375 0.6297200515625 0.5703125 0.63037109375 0.573296440625 0.6322428390625 0.5735677078125 0.634765625 0.58203125 0.650390625 0.6393229171875 0.66357421875 0.6419270828125 0.626953125 0.6360677078125 0.609375 0.6087239578125 0.60009765625 0.580078125 0.5947265625 0.582838871875 0.44341500156249997 0.5830036921875 0.440955053125 0.582672275 0.4409480171875 0.5820112187500001 0.44586087812499997 0.5826740515625 0.44587495 0.5825092296875 0.44833489843749996 0.5816806890625 0.44831730781249995 0.581350159375 0.45077373749999994 0.582344409375 0.45079484843750006 0.5821795890625 0.45325479687500003 0.58101963125 0.45323016875000005 0.58201476875 0.4557147453125 0.580689103125 0.45568659843750003 0.581849946875 0.45817469375000003 0.5803585734375 0.458143028125 0.5816851265625 0.4606346421875 0.5800280453125 0.460599459375 0.5815203062500001 0.463094590625 0.579697515625 0.4630558890625 0.5813554843750001 0.4655545390625 0.5793669875 0.4655123203125 0.5811906640625 0.46801448749999996 0.5790364578125 0.46796875 0.58102584375 0.4704744359375 0.5787059296875 0.4704251796875 0.5808610234375 0.47293438437499996 0.5783754 0.4728816109375 0.580696203125 0.4753943328125 0.5805313828124999 0.47785428281250003 0.5777143437500001 0.47779447187499996 0.5773838140625001 0.48025090156249994 0.5803665609374999 0.48031422968750004 0.580201740625 0.4827741796875 0.577053284375 0.48270733125 0.5730869390625 0.5121844953125 0.5618489578125 0.595703125 0.5666852671875 0.6155133937499999 0.5713975703124999 0.6145833328125
0 0.8053385421874999 0.4453125 0.7734375 0.4658203125 0.7330729171875 0.47998046875 0.673828125 0.4990234375 0.6640625 0.52685546875 0.6471354171875 0.5517578125 0.6731770828125 0.5654296875 0.693359375 0.5732421875 0.7161458328125 0.576171875 0.7356770828125 0.60888671875 0.7486979171875 0.60205078125 0.7421875 0.57568359375 0.73828125 0.55029296875 0.7845052078125 0.54345703125 0.8216145828125001 0.5283203125 0.8522135421874999 0.49951171875 0.8587239578125001 0.46630859375 0.8372395828125001 0.4501953125 0.8053385421874999 0.4453125
0 0.7981770828125 0.2275390625 0.8131510421874999 0.2412109375 0.833984375 0.23583984375 0.8333333328125001 0.22607421875 0.8170572921874999 0.2177734375 0.8131510421874999 0.21337890625 0.8001302078125001 0.21826171875 0.7981770828125 0.2275390625