0 0.0355 0.7741228062500001 0.034 0.7620614031249999 0 0.76480263125 0.0005 0.820723684375 0.027500000000000004 0.8157894734375001 0.0325 0.8174342109375001 0.034749999999999996 0.7998903515625 0.0355 0.7741228062500001
0 0.27675 0.8146929828125 0.277 0.7966008765625 0.28925 0.8004385968750001 0.307 0.8075657890624999 0.31375000000000003 0.7763157890625 0.28375 0.7576754390625 0.27075 0.7505482453125001 0.25 0.76644736875 0.24575 0.7998903515625 0.25 0.8059210531250001 0.26075 0.8009868421874999 0.27675 0.8146929828125
0 0.3035 0.9879385968750001 0.31525 0.9972587718750001 0.32625000000000004 0.9994517546875 0.33725 0.9934210531250001 0.3375 0.9736842109375001 0.331 0.9599780703125 0.31225 0.9385964906250001 0.29525 0.9671052625 0.288 0.96875 0.2955 0.9802631578125001 0.29700000000000004 0.9901315796875 0.3035 0.9879385968750001
0 0.16425 0.7900219296875 0.16575 0.7702850875 0.16299999999999998 0.7669956140624999 0.1585 0.783991228125 0.15575 0.7998903515625 0.15875 0.820723684375 0.16425 0.8322368421874999 0.16499999999999998 0.80866228125 0.16425 0.7900219296875
0 0.5845 0.9111842109375001 0.579 0.91337719375 0.57325 0.9128289468749999 0.5685 0.9150219296875 0.5589999999999999 0.9221491234375 0.56425 0.9627192984375 0.57725 0.95230263125 0.58675 0.9396929828125 0.5845 0.9111842109375001
0 0.6717500000000001 0.9956140343750001 0.6799999999999999 0.9287280703125 0.6809999999999999 0.9111842109375001 0.67925 0.9013157890624999 0.68075 0.8717105265624999 0.68275 0.8552631578125001 0.6785 0.8464912281249999 0.673 0.8459429828125 0.6635 0.8892543859375 0.658 0.89912280625 0.647 0.9775219296875 0.64725 0.9868421046875 0.6535 0.9989035093749999 0.6717500000000001 0.9956140343750001
0 0.73375 0.25603070156249996 0.73325 0.24671052656249998 0.73525 0.23903508750000002 0.727 0.21655701718749998 0.71725 0.225328946875 0.717 0.23410087656249998 0.72575 0.24451754375 0.73375 0.25603070156249996
0 0.41675000000000006 0.6408991234375 0.42575 0.6244517546874999 0.426 0.6189692984375 0.41875 0.5915570171875 0.41050000000000003 0.598135965625 0.40774999999999995 0.6140350875 0.40925 0.622258771875 0.40650000000000003 0.626096490625 0.40824999999999995 0.6447368421874999 0.41425 0.6474780703125 0.41675000000000006 0.6408991234375
0 0.6717500000000001 0.7779605265625 0.67375 0.783991228125 0.6992499999999999 0.8015350874999999 0.6925 0.7735745609375 0.6717500000000001 0.7779605265625
0 0.05775 0.6694078953125 0.04325 0.669956140625 0.034749999999999996 0.6787280703125 0.01525 0.69133771875 0.025750000000000002 0.7017543859375001 0.03425 0.691885965625 0.0505 0.6962719296875 0.060250000000000005 0.6803728062500001 0.05775 0.6694078953125
0 0.76125 0.7286184203125 0.7665 0.7478070171875 0.7707499999999999 0.7467105265625 0.7657499999999999 0.7297149125 0.76125 0.7286184203125
0 0.8305 0.62883771875 0.827 0.6370614031249999 0.82 0.6441885968750001 0.828 0.6743421046875 0.8355 0.6688596484375 0.84375 0.62883771875 0.8305 0.62883771875
0 0.57125 0.763706140625 0.5740000000000001 0.7560307015625 0.571 0.743421053125 0.56075 0.7291666671875 0.55125 0.7258771937499999 0.54775 0.7182017546874999 0.532 0.7099780703125 0.53275 0.7275219296875 0.5429999999999999 0.7494517546874999 0.5467500000000001 0.7439692984375 0.563 0.752741228125 0.56925 0.752741228125 0.57125 0.763706140625
0 0.70225 0.80537280625 0.693 0.8009868421874999 0.688 0.7982456140624999 0.68525 0.80866228125 0.6832499999999999 0.8201754390625 0.6950000000000001 0.8371710531250001 0.69775 0.8245614031249999 0.70225 0.80537280625