0 0.6485745609375 0.4885 0.669956140625 0.49050000000000005 0.712171053125 0.49625 0.72258771875 0.48624999999999996 0.7033991234375 0.47874999999999995 0.6842105265625 0.47400000000000003 0.680921053125 0.47050000000000003 0.66008771875 0.46699999999999997 0.649671053125 0.45949999999999996 0.6047149125 0.449 0.5811403515625 0.4445 0.5729166671875 0.4465 0.5592105265625 0.45499999999999996 0.5526315796875 0.46675000000000005 0.6200657890625 0.485 0.6408991234375 0.484 0.6485745609375 0.4885
0 0.46710526249999995 0.504 0.48684210468750005 0.50625 0.5060307015625 0.5115000000000001 0.5466008765625 0.51275 0.561403509375 0.516 0.585526315625 0.516 0.6041666671875 0.51425 0.6041666671875 0.49349999999999994 0.596491228125 0.4885 0.524671053125 0.48525 0.50548245625 0.49024999999999996 0.487938596875 0.48925 0.47094298281249997 0.49074999999999996 0.44462719375 0.49474999999999997 0.44298245625000005 0.50225 0.46710526249999995 0.504
0 0.7072368421874999 0.48075 0.6973684203125 0.48650000000000004 0.69133771875 0.49349999999999994 0.712171053125 0.4955 0.72423245625 0.48674999999999996 0.7072368421874999 0.48075
0 0.4802631578125 0.4535 0.487938596875 0.45025000000000004 0.48355263125 0.442 0.45175438593750006 0.43624999999999997 0.43311403437499996 0.4425 0.43914473750000005 0.46349999999999997 0.43969298281249997 0.47350000000000003 0.4572368421875 0.47725 0.4802631578125 0.47725 0.4802631578125 0.4535
0 0.3470394734375 0.5145 0.350328946875 0.5185 0.3717105265625 0.52 0.38103070156249996 0.513 0.3826754390625 0.5035000000000001 0.3733552625 0.49275 0.3640350875 0.4835 0.3459429828125 0.476 0.31962719375000004 0.47450000000000003 0.3103070171875 0.48075 0.3009868421875 0.48825 0.313596490625 0.493 0.346491228125 0.491 0.353070175 0.48724999999999996 0.3591008765625 0.492 0.35581140312500004 0.49574999999999997 0.34923245625 0.49574999999999997 0.335526315625 0.4955 0.3267543859375 0.50325 0.3305921046875 0.5145 0.3470394734375 0.5145
0 0.100328946875 0.8099999999999999 0.1162280703125 0.8105 0.155153509375 0.8125 0.1759868421875 0.8115 0.20339912343750002 0.79 0.19682017499999999 0.78425 0.18037280625000002 0.76325 0.164473684375 0.7515 0.1716008765625 0.7462500000000001 0.1540570171875 0.747 0.15021929843749998 0.751 0.1354166671875 0.749 0.12883771875 0.7505 0.1271929828125 0.755 0.112938596875 0.7625 0.0942982453125 0.7645 0.08662280624999999 0.7665 0.0756578953125 0.7685 0.059758771875000005 0.7685 0.0235745609375 0.7715 0.0169956140625 0.77525 0.028508771874999998 0.776 0.0334429828125 0.7815000000000001 0.058114034375 0.78525 0.0811403515625 0.7845 0.092653509375 0.7929999999999999 0.111293859375 0.7927500000000001 0.12116228124999999 0.7755 0.1348684203125 0.767 0.157346490625 0.762 0.16392543906249998 0.76875 0.1557017546875 0.77975 0.13980263125 0.7887500000000001 0.11074561406250001 0.79525 0.084429825 0.798 0.07730263125 0.8025 0.0822368421875 0.806 0.100328946875 0.8099999999999999
0 0.83662280625 0.8877499999999999 0.8421052625 0.88375 0.7741228062500001 0.8782500000000001 0.83662280625 0.8877499999999999
0 0.7571271937499999 0.553 0.752741228125 0.54975 0.754385965625 0.544 0.752741228125 0.5385 0.7379385968750001 0.537 0.7275219296875 0.5417500000000001 0.7283442984375 0.5429999999999999 0.7249177625 0.5425 0.7171052625 0.54475 0.71326754375 0.54975 0.7264254390625 0.55375 0.743421053125 0.5559999999999999 0.7571271937499999 0.553
0 0.43585526249999995 0.7125 0.3552631578125 0.7162499999999999 0.35855263125 0.7195 0.434758771875 0.71775 0.43585526249999995 0.7125
0 0.5526315796875 0.46399999999999997 0.5592105265625 0.45475000000000004 0.571820175 0.44575 0.5805921046875 0.44425 0.6430921046875 0.45824999999999994 0.6557017546874999 0.4605 0.6672149125 0.45824999999999994 0.6672149125 0.449 0.66173245625 0.4455 0.6529605265625 0.44075 0.64144736875 0.43899999999999995 0.6370614031249999 0.43624999999999997 0.634320175 0.43224999999999997 0.6178728062500001 0.41925 0.6052631578125001 0.413 0.5701754390625 0.40774999999999995 0.554276315625 0.40824999999999995 0.5345394734375 0.41075 0.5241228062500001 0.41624999999999995 0.5241228062500001 0.4245 0.5202850875 0.43200000000000005 0.5153508765625 0.44075 0.509320175 0.44775 0.5060307015625 0.4535 0.517543859375 0.45575 0.5345394734375 0.4605 0.5526315796875 0.46399999999999997
0 0.5438596484375 0.56025 0.5433114031249999 0.5635 0.5515350875 0.57125 0.55866228125 0.5660000000000001 0.5646929828125 0.56125 0.5438596484375 0.56025