0 0.2521446078125 0.6364379078125 0.2450980390625 0.616830065625 0.245710784375 0.6078431375 0.23223039218750002 0.5829248359375 0.2248774515625 0.57883986875 0.21875 0.5837418296875 0.21537990156250003 0.5927287578125 0.22855392187499998 0.6200980390625 0.234068628125 0.622957515625 0.2450980390625 0.6388888890625 0.2521446078125 0.6364379078125
0 0.22886029375 0.3513071890625 0.219056371875 0.3517156859375 0.22273284375000002 0.3607026140625 0.23590686249999998 0.3619281046875 0.235600490625 0.357434640625 0.22886029375 0.3513071890625
0 0.409007353125 0.37254902031250003 0.4307598046875 0.373774509375 0.4322916671875 0.365604575 0.42800245156249994 0.3611111109375 0.4068627453125 0.359068628125 0.40257352968750004 0.3635620921875 0.39950980468749997 0.366013071875 0.40287990156250003 0.3684640515625 0.409007353125 0.37254902031250003
0 0.3857230390625 0.43423202656250004 0.4010416671875 0.4391339875 0.40287990156250003 0.428104575 0.3998161765625 0.41830065312500003 0.3955269609375 0.41952614375 0.38511029375 0.419117646875 0.3756127453125 0.41380718906249997 0.370710784375 0.41952614375 0.37837009843749997 0.43014705937500003 0.3857230390625 0.43423202656250004
0 0.9016544124999999 0.48202614375 0.9068627453125 0.48202614375 0.9172794124999999 0.4701797390625 0.9169730390625 0.46364379062500005 0.9129901953124999 0.4591503265625 0.9071691171875 0.4591503265625 0.8955269609375 0.47222222187499996 0.89460784375 0.4795751640625 0.8973651953124999 0.483251634375 0.9016544124999999 0.48202614375
0 0.8995098046875001 0.47630718906249997 0.8958333328125001 0.4779411765625 0.8970588234375001 0.48366013125 0.9013480390625 0.48039215625000004 0.8995098046875001 0.47630718906249997
0 0.8734681375 0.573120915625 0.8844975484375001 0.578431371875 0.91023284375 0.58129085 0.9087009796875 0.5702614374999999 0.8802083328125001 0.5592320265625 0.8743872546875 0.5588235296875 0.86488970625 0.5588235296875 0.859068628125 0.5580065359375 0.8599877453125 0.5649509796875 0.8734681375 0.573120915625
0 0.44883578437500005 0.580065359375 0.4512867640625 0.57271241875 0.4396446078125 0.571895425 0.44240196093749995 0.5939542484375 0.4451593140625 0.608251634375 0.44944852968750004 0.60866013125 0.471507353125 0.5853758171875 0.4678308828125 0.5796568625 0.4595588234375 0.579248365625 0.44883578437500005 0.580065359375
0 0.41574754843750006 0.937091503125 0.4322916671875 0.9424019609375 0.450367646875 0.9468954249999999 0.47242647031249996 0.9517973859375 0.4865196078125 0.955065359375 0.49632352968750004 0.954248365625 0.5147058828125 0.954248365625 0.52573529375 0.957516340625 0.5364583328125 0.9763071890624999 0.5490196078125 0.99918300625 0.5588235296875 0.9950980390625 0.5514705875 0.9885620921875 0.55545343125 0.9787581703124999 0.544117646875 0.9526143796875 0.5337009796875 0.9232026140625 0.512561275 0.8831699343749999 0.509803921875 0.8713235296875 0.5094975484375001 0.8517156859374999 0.47824754843750006 0.858251634375 0.47181372499999996 0.85702614375 0.44975490156250003 0.8717320265625 0.44117647031249996 0.8803104578125 0.4283088234375 0.8892973859375 0.40931372499999996 0.9080882359375 0.41023284374999996 0.918300653125 0.412071078125 0.9276960781250001 0.41574754843750006 0.937091503125
0 0.559742646875 0.8839869281249999 0.565563725 0.8276143796875 0.5278799015625 0.8337418296875001 0.559742646875 0.8839869281249999
0 0.0422794125 0.840686275 0.0376838234375 0.848039215625 0.039522059375 0.8607026140625 0.0431985296875 0.8651960781250001 0.0600490203125 0.839460784375 0.0447303921875 0.8341503265625001 0.0422794125 0.840686275
0 0.33057597968749997 0.385620915625 0.33363970625 0.37826797343749996 0.308210784375 0.38194444375000003 0.33057597968749997 0.385620915625