0 0.0078125 0.2705078125 0.0188802078125 0.28125 0.1451822921875 0.30859375 0.1458333328125 0.2919921875 0.03125 0.26513671875 0.0078125 0.2705078125
0 0.1080729171875 0.36279296875 0.1204427078125 0.35205078125 0.119140625 0.33349609375 0.1106770828125 0.32470703125 0.09375 0.3173828125 0.06901041718749999 0.32080078125 0.0546875 0.33349609375 0.05403645781250001 0.34814453125 0.068359375 0.3642578125 0.08658854218749999 0.36767578125 0.1080729171875 0.36279296875
0 0.1653645828125 0.4208984375 0.1705729171875 0.41748046875 0.1412760421875 0.38427734375 0.115234375 0.36669921875 0.099609375 0.37158203125 0.1048177078125 0.38720703125 0.1236979171875 0.40869140625 0.1451822921875 0.40771484375 0.1653645828125 0.4208984375
0 0.24739583281250002 0.46484375 0.0078125 0.47021484375 0.008463542187500001 0.4794921875 0.24739583281250002 0.47265625 0.24739583281250002 0.46484375
0 0.2877604171875 0.29248046875 0.3092447921875 0.287109375 0.310546875 0.27734375 0.2858072921875 0.2744140625 0.26171875 0.2705078125 0.23177083281250002 0.2666015625 0.24088541718749998 0.2734375 0.24674479218749998 0.28564453125 0.2877604171875 0.29248046875
0 0.357421875 0.41064453125 0.3606770828125 0.44140625 0.3756510421875 0.44580078125 0.3684895828125 0.41015625 0.357421875 0.41064453125
0 0.24934895781250002 0.69287109375 0.24718256093750002 0.6915577859375001 0.24593660156250002 0.69383081875 0.247796475 0.6950308 0.24624399062500002 0.6971905046875 0.2446906421875 0.696103853125 0.243444684375 0.6983768859375 0.24469150625 0.6993502109375 0.242198725 0.70064991875 0.24313902187499997 0.701509915625 0.24095276562499998 0.7029229531250001 0.2415865390625 0.703669621875 0.23970680625 0.7051959859375 0.2400340546875 0.7058293265625 0.2384608484375 0.70746901875 0.2359689296875 0.7120150859375001 0.23537660312500003 0.71230844375 0.2347229703125 0.7142881203125 0.23382411875 0.7144681484375 0.2334770109375 0.716561153125 0.23227163437499998 0.7166278546875 0.23223105312499998 0.7188341859375 0.23071915 0.718787559375 0.23098509374999998 0.7211072203125 0.22916666718749998 0.720947265625 0.2276141828125 0.723106971875 0.22973913437500001 0.723380253125 0.22849317500000002 0.7256532859375 0.22606169843749999 0.7252666765625 0.22450921406250002 0.7274263828125 0.227247215625 0.7279263203124999 0.2260012578125 0.730199353125 0.22295673124999998 0.7295860875 0.208984375 0.7490234375 0.21354166718749998 0.7529296875 0.21478762499999998 0.7506566546875 0.21614583281250002 0.751171875 0.216033584375 0.7483836203124999 0.21875 0.7494140625 0.2265625 0.744140625 0.255859375 0.7041015625 0.2805989578125 0.66845703125 0.2775607640625 0.66259765625 0.274262153125 0.6618815109375 0.2760416671875 0.65966796875 0.2962239578125 0.62548828125 0.3092447921875 0.62060546875 0.3121744796875 0.62255859375 0.3170572921875 0.62158203125 0.3190104171875 0.61865234375 0.328125 0.61279296875 0.2942708328125 0.61279296875 0.2858072921875 0.62109375 0.24842852031249998 0.6892847515625 0.251128471875 0.6906575515625 0.24934895781250002 0.69287109375
0 0.8899739578125001 0.58740234375 0.9088541671874999 0.6015625 0.9192708328125001 0.60498046875 0.9283854171874999 0.59814453125 0.9147135421874999 0.59228515625 0.9153645828125001 0.58203125 0.9186197921874999 0.57421875 0.9114583328125001 0.56689453125 0.8990885421874999 0.5634765625 0.8919270828125001 0.54833984375 0.8580729171874999 0.49609375 0.8463541671874999 0.4990234375 0.8502604171874999 0.51025390625 0.869140625 0.53515625 0.8899739578125001 0.56591796875 0.88671875 0.57421875 0.8899739578125001 0.58740234375
0 0.5472560984375 0.7588247906250001 0.5485026046875 0.7606724328125 0.5454141265625 0.7608493703125 0.5462239578125 0.7624860499999999 0.5435721546875001 0.7628739515625 0.5439453125 0.7642996656250001 0.5417301828125 0.7648985328125 0.5416666671875 0.76611328125 0.5398882109375001 0.7669231140625 0.5393880203125 0.7679268968749999 0.5362042687499999 0.770972275 0.5348307296875 0.7715541296875 0.534362296875 0.77299685625 0.5325520828125 0.7733677453125 0.532520325 0.7750214359375 0.5302734375 0.7751813624999999 0.530678353125 0.7770460171875 0.5279947921875 0.7769949781250001 0.5288363828125 0.7790705984375 0.5257161453125 0.77880859375 0.5269944109375 0.7810951796875 0.5251524390625 0.783119759375 0.5234375 0.7806222093749999 0.509765625 0.79150390625 0.5104166671875 0.79931640625 0.5122586375 0.7972918250000001 0.5126116078125 0.7974609375 0.514100609375 0.7952672453125 0.5148065468749999 0.79560546875 0.51594258125 0.7932426640625 0.5170014890625 0.79375 0.517784553125 0.7912180828125 0.519196428125 0.79189453125 0.523586309375 0.78818359375 0.5214684968750001 0.787168921875 0.5233104671875 0.7851443406249999 0.52578125 0.786328125 0.5806547625 0.73994140625 0.5804036453125 0.737548828125 0.5828497031250001 0.7380859375 0.5838216140625 0.7359619140625 0.5850446421875 0.73623046875 0.5872395828125 0.734375 0.5748856703125 0.728456078125 0.5859375 0.71630859375 0.586371528125 0.7107747390625 0.5927734375 0.711669921875 0.5989583328125 0.71533203125 0.5991443453125 0.7100306921875 0.6028645828125 0.7054036453125 0.6106770828125 0.7080078125 0.6178385421875 0.705078125 0.6165364578125 0.69677734375 0.599609375 0.69677734375 0.5989583328125 0.7041015625 0.5992373515625 0.7073800218749999 0.5896809890625 0.7098388671875 0.5865885421875 0.7080078125 0.5730437 0.7304806593750001 0.54909806875 0.7568002093749999 0.55078125 0.7588588171875 0.5472560984375 0.7588247906250001
0 0.9101996531250001 0.7029622390625 0.9103422625 0.70068359375 0.9134114578125001 0.7021484375 0.9192708328125001 0.7236328125 0.9368489578125001 0.7275390625 0.9602864578125001 0.728515625 0.962890625 0.716796875 0.9498697921874999 0.7138671875 0.907273065625 0.69921875 0.8919270828125001 0.69189453125 0.8717447921874999 0.67529296875 0.8528645828125001 0.658203125 0.8444010421874999 0.66796875 0.84375 0.67724609375 0.83203125 0.69140625 0.865234375 0.71435546875 0.9101996531250001 0.7029622390625
0 0.658203125 0.48193359375 0.6490885421875 0.486328125 0.6432291671875 0.47607421875 0.6321614578125 0.4921875 0.623046875 0.4970703125 0.6171875 0.5146484375 0.6412760421875 0.52294921875 0.6634114578125 0.48681640625 0.658203125 0.48193359375
0 0.651134671875 0.479840959375 0.6634114578125 0.4921875 0.8365885421874999 0.59326171875 0.8463541671874999 0.58837890625 0.6725260421875 0.4873046875 0.6490885421875 0.477783203125 0.6470424109375 0.475725446875 0.644965278125 0.4744466140625 0.6449962796875 0.47366769062499997 0.6477864578125 0.47265625 0.6451822921875 0.47080078125 0.6429501484375 0.47160993281249997 0.642578125 0.4689453125 0.6409040171875 0.46955217656250003 0.6399739578125 0.46708984375 0.6388578875 0.46749441875000003 0.6373697921875 0.465234375 0.63681175625 0.4654366625 0.634765625 0.46337890625 0.6236979171875 0.4697265625 0.6393229171875 0.47802734375 0.642144096875 0.4762369796875 0.651134671875 0.479840959375
0 0.7454427078125 0.35693359375 0.7688802078125 0.3896484375 0.7747395828125 0.3857421875 0.7786458328125 0.36572265625 0.7454427078125 0.35693359375
0 0.844184028125 0.411865234375 0.84140625 0.4130859375 0.84375 0.42041015625 0.8548177078125001 0.4189453125 0.855034721875 0.4210205078125 0.8658854171874999 0.43017578125 0.9361979171874999 0.4609375 0.9466145828125001 0.4443359375 0.9264322921874999 0.43408203125 0.916015625 0.4208984375 0.9036458328125001 0.42431640625 0.8919270828125001 0.4239501953125 0.89453125 0.40283203125 0.8914763625000001 0.4040715140625 0.8914763625000001 0.40155498749999996 0.8548177078125001 0.38623046875 0.83984375 0.408203125 0.8420138890625 0.4100341796875 0.840625 0.41064453125 0.844184028125 0.411865234375
0 0.6790364578125 0.474609375 0.6881510421875 0.4853515625 0.6959635421875 0.4912109375 0.7115885421875 0.455078125 0.701171875 0.455078125 0.681640625 0.45068359375 0.6770833328125 0.4580078125 0.68359375 0.46337890625 0.6790364578125 0.474609375
0 0.7545572921875 0.572265625 0.7552083328125 0.58154296875 0.7649739578125 0.6044921875 0.7805989578125 0.60693359375 0.7643229171875 0.5712890625 0.7545572921875 0.572265625
0 0.7858072921875 0.96875 0.7864583328125 0.99755859375 0.79296875 0.99755859375 0.79296875 0.96875 0.7858072921875 0.96875
0 0.6790364578125 0.998046875 0.6907552078125 0.9990234375 0.6935329859375 0.9976888015625001 0.694103421875 0.9979771203125001 0.6963107640625 0.9963541671874999 0.6974516375 0.9969308031249999 0.6990885421875 0.99501953125 0.7007998515625 0.9958844875 0.7018663203125 0.9936848953125 0.704148065625 0.99483816875 0.704644096875 0.9923502609374999 0.707421875 0.991015625 0.7074962796875 0.9937918531250001 0.7141927078125 0.99169921875 0.7125651046875 0.989501953125 0.7129774296875 0.9883463546875 0.729644096875 0.9803385421874999 0.7552083328125 0.9775390625 0.751953125 0.9716796875 0.7109375 0.9873046875 0.710199653125 0.9896809890625 0.7077473953125 0.98837890625 0.6790364578125 0.998046875
0 0.1009114578125 0.93896484375 0.08072916718749999 0.93798828125 0.0625 0.94384765625 0.0625 0.94873046875 0.08268229218749999 0.94189453125 0.08528645781250001 0.94970703125 0.078125 0.96044921875 0.0703125 0.96240234375 0.08138020781250001 0.9658203125 0.1061197921875 0.9658203125 0.1276041671875 0.95654296875 0.1256510421875 0.9482421875 0.1009114578125 0.93896484375
0 0.3782552078125 0.4384765625 0.390625 0.43408203125 0.3909505203125 0.4306640625 0.39824848749999997 0.4257182453125 0.470703125 0.40869140625 0.51171875 0.39453125 0.5104166671875 0.388671875 0.4713541671875 0.400390625 0.395738390625 0.42404174843750003 0.39509828593749996 0.42645854375000003 0.3927137578125 0.42498779375 0.391948084375 0.427198840625 0.3912760421875 0.42724609375 0.389689128125 0.42593383749999997 0.3887978828125 0.4279391375 0.3876302078125 0.428125 0.38666449687500004 0.4268798828125 0.38564768125 0.4286794359375 0.383984375 0.42900390625 0.383639865625 0.42782592812500003 0.3824974796875 0.42941973281249995 0.380615234375 0.428771971875 0.38033854218749996 0.4298828125 0.379347278125 0.4301600296875 0.377590603125 0.42971801718749997 0.3766927078125 0.43076171875 0.37456597187499996 0.4306640625 0.373046875 0.431640625 0.371541340625 0.43161010781250003 0.3564181859375 0.43634033125 0.3567708328125 0.43798828125 0.3533935546875 0.43728637656249997 0.35337095 0.4388563375 0.3503689234375 0.438232421875 0.349971065625 0.4397243921875 0.34734429218749996 0.43917846718750003 0.3465711796875 0.4405924484375 0.3443196609375 0.4401245125 0.343171296875 0.44146050312499996 0.34129503125 0.44107055624999997 0.3397714125 0.44232855937500004 0.3382703984375 0.4420166015625 0.33637152812500004 0.4431966140625 0.33524576875 0.44296264687500003 0.33297164375 0.4440646703125 0.33222113750000004 0.443908690625 0.32919650625 0.44485473593749997 0.326171875 0.44580078125 0.326171875 0.4541015625 0.3606770828125 0.443359375 0.3782552078125 0.4384765625
0 0.203125 0.2080078125 0.216796875 0.1953125 0.21419270781250002 0.15966796875 0.21484375 0.1357421875 0.20638020781250002 0.11474609375 0.1868489578125 0.099609375 0.177734375 0.11083984375 0.1822916671875 0.12451171875 0.1809895828125 0.1357421875 0.1731770828125 0.1396484375 0.1555989578125 0.12548828125 0.1451822921875 0.1396484375 0.134765625 0.154296875 0.1380208328125 0.1650390625 0.1432291671875 0.17138671875 0.12890625 0.1728515625 0.1080729171875 0.16796875 0.09830729218749999 0.1640625 0.080078125 0.1669921875 0.06510416718749999 0.171875 0.0859375 0.19140625 0.1126302078125 0.19091796875 0.1295572921875 0.1923828125 0.1666666671875 0.21044921875 0.181640625 0.216796875 0.1881510421875 0.2080078125 0.203125 0.2080078125
0 0.3678385421875 0.31591796875 0.3626302078125 0.30810546875 0.3470052078125 0.30859375 0.328125 0.30029296875 0.3190104171875 0.31591796875 0.3385416671875 0.32763671875 0.3522135421875 0.3154296875 0.3678385421875 0.31591796875
0 0.33984375 0.630859375 0.310546875 0.63818359375 0.3209635421875 0.64453125 0.3411458328125 0.6416015625 0.33984375 0.630859375
0 0.3639322921875 0.61767578125 0.3606770828125 0.64794921875 0.3736979171875 0.64794921875 0.37890625 0.61962890625 0.3639322921875 0.61767578125
0 0.1171875 0.7529296875 0.1028645828125 0.77490234375 0.115234375 0.77880859375 0.1328125 0.75732421875 0.1171875 0.7529296875
0 0.8326822921874999 0.8349609375 0.8216145828125001 0.85693359375 0.8313802078125001 0.8603515625 0.8444010421874999 0.837890625 0.8326822921874999 0.8349609375
0 0.439453125 0.62451171875 0.4622395828125 0.6455078125 0.4674479171875 0.6396484375 0.4518229171875 0.61865234375 0.439453125 0.62451171875
0 0.681640625 0.41552734375 0.685546875 0.4345703125 0.6966145828125 0.43359375 0.6946614578125 0.4150390625 0.681640625 0.41552734375
0 0.7884114578125 0.39990234375 0.77734375 0.408203125 0.7584635421875 0.41552734375 0.775390625 0.41796875 0.7955729171875 0.4091796875 0.7884114578125 0.39990234375