0 0.2708333328125 0.5739379078125 0.2864583328125 0.5665849671875 0.29013480468749997 0.5514705875 0.28462009843749997 0.46405228750000005 0.27787990156250003 0.455065359375 0.26899509843749997 0.4505718953125 0.259803921875 0.45016339843750003 0.25 0.45669934687499997 0.2435661765625 0.47099673124999997 0.245710784375 0.5514705875 0.2481617640625 0.5665849671875 0.257352940625 0.5735294125 0.2708333328125 0.5739379078125
0 0.3072916671875 0.5686274515624999 0.32138480468749997 0.5661764703125 0.3299632359375 0.5571895421875 0.3330269609375 0.5396241828125 0.32475490156250003 0.44526143749999997 0.31801470625 0.43668300625 0.30575980468749997 0.43218954218750005 0.2959558828125 0.43423202656250004 0.2858455875 0.44444444375 0.291053921875 0.55228758125 0.2962622546875 0.560457515625 0.3072916671875 0.5686274515624999
0 0.335477940625 0.57271241875 0.3419117640625 0.5796568625 0.3529411765625 0.58129085 0.366727940625 0.578431371875 0.37254902031250003 0.571486928125 0.375306371875 0.5420751640625 0.3673406859375 0.4485294125 0.362132353125 0.44117647031249996 0.3517156859375 0.43668300625 0.335477940625 0.44076797343749996 0.3265931375 0.44975490156250003 0.3333333328125 0.5400326796875 0.3333333328125 0.5559640515625001 0.335477940625 0.57271241875
0 0.37745097968749997 0.5927287578125 0.4080882359375 0.596405228125 0.4139093140625 0.5890522875 0.41697303906250005 0.5767973859375 0.4151348046875 0.5584150328125 0.421875 0.4857026140625 0.41574754843750006 0.4779411765625 0.4068627453125 0.47222222187499996 0.393382353125 0.47263071874999996 0.3811274515625 0.4795751640625 0.3756127453125 0.5404411765625 0.3728553921875 0.578431371875 0.37745097968749997 0.5927287578125
0 0.44117647031249996 0.590686275 0.45067402031250003 0.5849673203125 0.45618872499999996 0.5690359484374999 0.4641544125 0.46609477187500004 0.4610906859375 0.4599673203125 0.44975490156250003 0.4513888890625 0.43443627500000004 0.4526143796875 0.42585784374999996 0.4591503265625 0.4151348046875 0.5584150328125 0.41758578437500005 0.5755718953125 0.4227941171875 0.5861928109375001 0.43045343125 0.590277778125 0.44117647031249996 0.590686275
0 0.46875 0.5657679734375 0.4779411765625 0.5682189546874999 0.48774509843749997 0.5674019609375 0.49448529375000005 0.560457515625 0.5015318625 0.5514705875 0.4978553921875 0.4517973859375 0.498774509375 0.44076797343749996 0.4895833328125 0.4375 0.4797794125 0.4391339875 0.4702818625 0.446486928125 0.4583333328125 0.5359477125 0.45863970624999995 0.5420751640625 0.4623161765625 0.5580065359375 0.46875 0.5657679734375
0 0.50704656875 0.570669934375 0.5134803921875 0.5743464046875 0.5251225484375001 0.5755718953125 0.53523284375 0.572303921875 0.53982843125 0.564542484375 0.54289215625 0.553513071875 0.5389093140625 0.44240196093749995 0.532475490625 0.4358660125 0.52113970625 0.43014705937500003 0.5104166671875 0.43341503281250005 0.499693628125 0.44035947656249996 0.5018382359375 0.55228758125 0.5045955875 0.5649509796875 0.50704656875 0.570669934375
0 0.5490196078125 0.5931372546875 0.56801470625 0.5943627453125 0.573835784375 0.6017156859375 0.5818014703125 0.596405228125 0.5870098046875001 0.58129085 0.5814950984375 0.4677287578125 0.576899509375 0.4595588234375 0.5674019609375 0.45547385625 0.5517769609375 0.45751634062499996 0.5401348046875001 0.4673202609375 0.5435049015625 0.554330065625 0.5450367640625 0.580882353125 0.5490196078125 0.5931372546875
0 0.5922181375 0.5776143796875 0.5928308828125 0.5857843140625 0.5946691171875 0.597222221875 0.596813725 0.604983659375 0.5971200984375 0.6233660125 0.609068628125 0.626225490625 0.6161151953124999 0.6205065359375 0.6145833328125 0.6041666671875 0.61795343125 0.59150326875 0.6182598046875001 0.578431371875 0.6259191171875 0.5575980390625 0.625 0.5408496734375 0.6225490203125 0.500408496875 0.623774509375 0.46241830000000006 0.6204044125 0.44240196093749995 0.6139705875 0.43382352968750004 0.6072303921875 0.437908496875 0.6029411765625 0.43259803906250005 0.5971200984375 0.43218954218750005 0.5916053921875 0.43995097968749997 0.5870098046875001 0.44035947656249996 0.5830269609375 0.445669934375 0.5827205875 0.4595588234375 0.5842524515624999 0.5416666671875 0.5860906859375 0.5682189546874999 0.5922181375 0.5776143796875
0 0.6571691171875 0.6196895421875 0.672181371875 0.623774509375 0.6810661765625 0.6196895421875 0.7025122546875 0.518382353125 0.7012867640625 0.5061274515624999 0.6997549015625 0.50081699375 0.6924019609375 0.49346405156250006 0.6801470593750001 0.489379084375 0.6700367640625 0.490196078125 0.6685049015625 0.49632352968750004 0.66176470625 0.5049019609375 0.640625 0.596405228125 0.6427696078125 0.605800653125 0.6482843140625 0.61478758125 0.6571691171875 0.6196895421875
0 0.46323529375000005 0.6221405234375 0.46507352968750004 0.6384803921875 0.469975490625 0.645016340625 0.484068628125 0.6466503265625 0.4865196078125 0.6515522875 0.4908088234375 0.6491013078125001 0.502757353125 0.651960784375 0.5147058828125 0.6482843140625 0.5677083328125 0.6486928109375001 0.5732230390625 0.6482843140625 0.5765931375 0.6388888890625 0.5772058828125 0.624591503125 0.5756740203125 0.6041666671875 0.5692401953124999 0.59599673125 0.5015318625 0.5923202609375 0.4797794125 0.591094771875 0.46875 0.59599673125 0.46476715625000004 0.605800653125 0.46323529375000005 0.6221405234375
0 0.3912377453125 0.6454248359375 0.43351715625000004 0.6466503265625 0.437806371875 0.6474673203125 0.44148284374999996 0.645016340625 0.46139705937500003 0.645016340625 0.46323529375000005 0.62581699375 0.4623161765625 0.607434640625 0.45802696093749995 0.59926470625 0.4166666671875 0.59599673125 0.40931372499999996 0.59763071875 0.37806372499999996 0.5931372546875 0.37101715625 0.598039215625 0.36642156875 0.596813725 0.36305147031249996 0.625408496875 0.36335784375 0.6421568625 0.38204656875 0.64460784375 0.3854166671875 0.6470588234375 0.3912377453125 0.6454248359375
0 0.24724264687500003 0.6364379078125 0.2515318625 0.6421568625 0.280024509375 0.640931371875 0.28676470625 0.6454248359375 0.2987132359375 0.6466503265625 0.30851715625 0.64460784375 0.33149509843749997 0.64460784375 0.3599877453125 0.6421568625 0.3602941171875 0.6225490203125 0.3575367640625 0.6017156859375 0.3483455875 0.596405228125 0.3017769609375 0.596405228125 0.259803921875 0.5861928109375001 0.24908088281250002 0.6037581703125 0.24632352968750001 0.6225490203125 0.24724264687500003 0.6364379078125
0 0.2591911765625 0.5870098046875001 0.26011029375 0.580882353125 0.25306372499999996 0.5796568625 0.245710784375 0.5796568625 0.2325367640625 0.590686275 0.2319240203125 0.606617646875 0.2362132359375 0.6119281046875 0.2423406859375 0.6107026140625 0.2438725484375 0.615604575 0.24724264687500003 0.61478758125 0.2481617640625 0.60539215625 0.2591911765625 0.5870098046875001
0 0.3143382359375 0.5453431375 0.30943627500000004 0.54616013125 0.30851715625 0.55228758125 0.31556372499999996 0.564542484375 0.32444852968750004 0.5588235296875 0.322303921875 0.55392156875 0.3143382359375 0.5453431375
0 0.3584558828125 0.5690359484374999 0.34681372499999996 0.573120915625 0.34620097968749997 0.5776143796875 0.3572303921875 0.5743464046875 0.3584558828125 0.5690359484374999
0 0.437806371875 0.57883986875 0.4368872546875 0.5743464046875 0.42555147031249996 0.5747549015625 0.424632353125 0.582516340625 0.43382352968750004 0.58210784375 0.437806371875 0.57883986875
0 0.4751838234375 0.5486111109375 0.47273284374999996 0.5555555562500001 0.4797794125 0.5592320265625 0.4828431375 0.552696078125 0.4751838234375 0.5486111109375
0 0.5251225484375001 0.562091503125 0.5165441171875 0.56331699375 0.5180759796875 0.5686274515624999 0.52726715625 0.5669934640625 0.5251225484375001 0.562091503125
0 0.4451593140625 0.3435457515625 0.458946078125 0.3439542484375 0.4607843140625 0.3390522875 0.4577205875 0.33210784375 0.451899509375 0.332516340625 0.44577205937500003 0.3296568625 0.4390318625 0.33986928125000004 0.4359681375 0.3451797390625 0.4451593140625 0.3435457515625
0 0.40870097968749997 0.330065359375 0.3958333328125 0.33700980468749997 0.3952205875 0.34109477187500004 0.40962009843749997 0.3521241828125 0.4329044125 0.3521241828125 0.42922794062499997 0.3361928109375 0.40870097968749997 0.330065359375
0 0.375 0.3619281046875 0.383272059375 0.37132352968750004 0.3958333328125 0.366830065625 0.3985906859375 0.356617646875 0.390318628125 0.3333333328125 0.379289215625 0.348039215625 0.38204656875 0.35620915000000003 0.375 0.3619281046875
0 0.662071078125 0.373774509375 0.639399509375 0.4052287578125 0.6427696078125 0.40890522812499996 0.6528799015625 0.40073529375000005 0.662071078125 0.373774509375
0 0.6112132359375 0.8962418296875001 0.6084558828125 0.9146241828124999 0.6112132359375 0.918300653125 0.61488970625 0.895016340625 0.6112132359375 0.8962418296875001
0 0.6112132359375 0.624591503125 0.6167279406249999 0.6188725484375001 0.6155024515624999 0.6115196078125 0.609068628125 0.6102941171875 0.596813725 0.6119281046875 0.596507353125 0.6233660125 0.6029411765625 0.625408496875 0.6112132359375 0.624591503125