0 0.581699346875 0.474571078125 0.578431371875 0.4733455875 0.5747549015625 0.47242647031249996 0.57271241875 0.47242647031249996 0.571895425 0.47212009843749997 0.5690359484374999 0.471507353125 0.5649509796875 0.4702818625 0.5563725484375001 0.46875 0.551879084375 0.4678308828125 0.5486111109375 0.46568627500000004 0.54452614375 0.46537990156250003 0.5375816999999999 0.46537990156250003 0.53349673125 0.46629902031250003 0.5302287578125 0.4678308828125 0.526960784375 0.4708946078125 0.5236928109375001 0.47181372499999996 0.5220588234375 0.47487745156249994 0.51960784375 0.47947303906250005 0.5142973859375 0.4911151953125 0.5110294125 0.500306371875 0.51021241875 0.5015318625 0.508169934375 0.5061274515624999 0.5053104578125 0.514399509375 0.5040849671875 0.5189950984375 0.5036764703125 0.5232843140625 0.5036764703125 0.5275735296875 0.5049019609375 0.532475490625 0.5049019609375 0.534313725 0.509395425 0.5349264703125 0.51021241875 0.5358455875 0.508169934375 0.5364583328125 0.5061274515624999 0.5376838234375 0.5053104578125 0.5395220593750001 0.5065359484374999 0.542585784375 0.50857843125 0.5447303921875 0.51021241875 0.546875 0.5122549015625 0.5484068625 0.515931371875 0.5487132359375 0.518382353125 0.5484068625 0.5228758171875 0.549938725 0.52736928125 0.55085784375 0.5306372546875 0.549938725 0.5326797390625 0.548100490625 0.533905228125 0.548100490625 0.5371732031249999 0.546568628125 0.53676470625 0.545649509375 0.5396241828125 0.544117646875 0.5383986921874999 0.5395220593750001 0.5453431375 0.5407475484375001 0.5547385625000001 0.544117646875 0.56168300625 0.5462622546875 0.562908496875 0.544117646875 0.5657679734375 0.5407475484375001 0.571486928125 0.5333946078125 0.5772058828125 0.5248161765625 0.580882353125 0.5174632359375 0.5841503265625 0.5094975484375001 0.58823529375 0.4984681375 0.58986928125 0.49264705937500003 0.5919117640625 0.48774509843749997 0.5923202609375 0.4834558828125 0.5931372546875 0.47947303906250005 0.588643790625 0.47732843125 0.5849673203125 0.47579656875 0.581699346875 0.474571078125
0 0.5061274515624999 0.5376838234375 0.5053104578125 0.5392156859375 0.5057189546874999 0.5407475484375001 0.5073529406249999 0.5435049015625 0.508986928125 0.545649509375 0.510620915625 0.547181371875 0.5122549015625 0.5484068625 0.5151143796875 0.5487132359375 0.5171568625 0.5484068625 0.51879085 0.5477941171875 0.5204248359375 0.5459558828125 0.5208333328125 0.544117646875 0.51960784375 0.5419730390625 0.517565359375 0.5395220593750001 0.515931371875 0.537071078125 0.5138888890625 0.5358455875 0.5110294125 0.5358455875 0.509395425 0.5361519609375 0.5073529406249999 0.53676470625 0.5061274515624999 0.5376838234375
0 0.7528594765625 0.481617646875 0.7528594765625 0.4849877453125 0.751225490625 0.48805147031249996 0.7524509796875 0.4923406859375 0.7553104578125 0.4978553921875 0.7540849671875 0.5006127453125 0.7561274515624999 0.503063725 0.758169934375 0.50704656875 0.76021241875 0.5140931375 0.760620915625 0.52113970625 0.760620915625 0.52573529375 0.7626633984375 0.53125 0.7638888890625 0.531556371875 0.7651143796875 0.530943628125 0.7724673203125 0.534007353125 0.7716503265625 0.5278799015625 0.7720588234375 0.5177696078125 0.7720588234375 0.5091911765625 0.7728758171875 0.501225490625 0.7745098046875001 0.49448529375000005 0.7765522875 0.48866421562499995 0.778594771875 0.484068628125 0.7749183000000001 0.48131127500000004 0.7712418296875 0.47824754843750006 0.765931371875 0.47487745156249994 0.7626633984375 0.47273284374999996 0.7614379078125 0.4705882359375 0.7536764703125 0.47120097968749997 0.7561274515624999 0.4754901953125 0.7528594765625 0.47824754843750006 0.7528594765625 0.481617646875
0 0.0874183 0.8811274515624999 0.0955882359375 0.8609068625 0.0857843140625 0.859681371875 0.0776143796875 0.8799019609375 0.0874183 0.8811274515624999
0 0.14460784375 0.3455882359375 0.14133986875 0.3584558828125 0.1470588234375 0.3584558828125 0.151143790625 0.34681372499999996 0.14460784375 0.3455882359375
0 0.1576797390625 0.4154411765625 0.16176470625 0.42524509843749997 0.169117646875 0.424632353125 0.1642156859375 0.41482843125 0.1576797390625 0.4154411765625
0 0.14297385625 0.15441176406249998 0.15849673125 0.15379902031249998 0.15849673125 0.1513480390625 0.14297385625 0.151960784375 0.14297385625 0.15441176406249998
0 0.16993464062500002 0.1642156859375 0.171568628125 0.172181371875 0.1764705875 0.17279411718749998 0.1748366015625 0.163602940625 0.16993464062500002 0.1642156859375
0 0.15441176406249998 0.18995097968750002 0.16176470625 0.18995097968750002 0.1642156859375 0.18566176406249998 0.15359477187499998 0.186274509375 0.15441176406249998 0.18995097968750002
0 0.1830065359375 0.2169117640625 0.1813725484375 0.2267156859375 0.187091503125 0.22732843125 0.188725490625 0.2181372546875 0.1830065359375 0.2169117640625
0 0.116830065625 0.305147059375 0.11928104531249999 0.308210784375 0.1307189546875 0.302696078125 0.1299019609375 0.30024509843749997 0.12826797343750002 0.30085784375 0.116830065625 0.305147059375
0 0.257352940625 0.219975490625 0.275326796875 0.215686275 0.27450980468749997 0.21323529375 0.2557189546875 0.2169117640625 0.257352940625 0.219975490625
0 0.2450980390625 0.14460784375 0.258169934375 0.1482843140625 0.260620915625 0.1458333328125 0.2459150328125 0.14154411718749998 0.2450980390625 0.14460784375
0 0.32516339843750003 0.12254902031249999 0.31535947656249996 0.1256127453125 0.31617647031249996 0.1286764703125 0.3276143796875 0.1243872546875 0.32516339843750003 0.12254902031249999
0 0.37173202656250004 0.0974264703125 0.37173202656250004 0.0998774515625 0.38725490156250003 0.0998774515625 0.3897058828125 0.098039215625 0.3880718953125 0.09681372499999999 0.37173202656250004 0.0974264703125
0 0.3276143796875 0.080882353125 0.3374183 0.080882353125 0.3374183 0.077818628125 0.3267973859375 0.0790441171875 0.3276143796875 0.080882353125
0 0.3611111109375 0.0514705875 0.37173202656250004 0.048406862499999995 0.3692810453125 0.0459558828125 0.35866013125 0.049632353125 0.3611111109375 0.0514705875
0 0.3733660125 0.086397059375 0.37254902031250003 0.0888480390625 0.385620915625 0.092524509375 0.38725490156250003 0.089460784375 0.3766339875 0.0870098046875 0.3733660125 0.086397059375
0 0.36274509843749997 0.0674019609375 0.37254902031250003 0.0643382359375 0.3684640515625 0.0606617640625 0.35866013125 0.06556372499999999 0.36274509843749997 0.0674019609375
0 0.3799019609375 0.05208333281250001 0.385620915625 0.048406862499999995 0.3799019609375 0.047181371875 0.37418300625 0.0502450984375 0.3799019609375 0.05208333281250001
0 0.490196078125 0.15318627499999998 0.49428104531250006 0.155024509375 0.49673202656250004 0.15441176406249998 0.491830065625 0.14460784375 0.4869281046875 0.1452205875 0.490196078125 0.15318627499999998
0 0.46650326875000003 0.121936275 0.46650326875000003 0.1243872546875 0.4779411765625 0.1286764703125 0.48039215625000004 0.126225490625 0.4705882359375 0.121936275 0.46650326875000003 0.121936275
0 0.4689542484375 0.1041666671875 0.4779411765625 0.1078431375 0.48202614375 0.1047794125 0.4705882359375 0.1017156859375 0.4689542484375 0.1041666671875
0 0.5400326796875 0.132352940625 0.5400326796875 0.1341911765625 0.546568628125 0.140318628125 0.5514705875 0.13909313750000002 0.543300653125 0.1317401953125 0.5400326796875 0.132352940625
0 0.6013071890624999 0.1997549015625 0.60539215625 0.20098039218750002 0.6127450984375 0.19301470625 0.6119281046875 0.191789215625 0.6078431375 0.19301470625 0.6013071890624999 0.1997549015625
0 0.6495098046875001 0.5661764703125 0.6552287578125 0.56801470625 0.6666666671875 0.55392156875 0.667483659375 0.5502450984375 0.6609477125 0.549632353125 0.6495098046875001 0.5661764703125
0 0.7745098046875001 0.504289215625 0.778594771875 0.5177696078125 0.7875816999999999 0.5177696078125 0.7818627453125 0.504289215625 0.7745098046875001 0.504289215625
0 0.571895425 0.5698529406249999 0.5874183000000001 0.5618872546875 0.5841503265625 0.558210784375 0.5678104578125 0.5625 0.571895425 0.5698529406249999
0 0.6985294125 0.5202205875 0.6944444437499999 0.518382353125 0.686274509375 0.5245098046875001 0.685457515625 0.5306372546875 0.689542484375 0.5306372546875 0.6985294125 0.5202205875
0 0.688725490625 0.5796568625 0.696895425 0.575367646875 0.6944444437499999 0.572303921875 0.685457515625 0.5759803921875 0.688725490625 0.5796568625
0 0.5702614374999999 0.1213235296875 0.5702614374999999 0.1299019609375 0.5735294125 0.1299019609375 0.5743464046875 0.1213235296875 0.5702614374999999 0.1213235296875
0 0.5735294125 0.1341911765625 0.563725490625 0.1372549015625 0.5661764703125 0.140318628125 0.5759803921875 0.13664215625 0.5735294125 0.1341911765625
0 0.4852941171875 0.12683823593750002 0.4852941171875 0.1299019609375 0.490196078125 0.1341911765625 0.49428104531250006 0.1341911765625 0.48774509843749997 0.12683823593750002 0.4852941171875 0.12683823593750002
0 0.027777778125000003 0.2604166671875 0.042483659374999996 0.2591911765625 0.0416666671875 0.25551470625 0.026960784375 0.25674019531250003 0.027777778125000003 0.2604166671875
0 0.15441176406249998 0.422181371875 0.1470588234375 0.43443627500000004 0.151143790625 0.4375 0.1609477125 0.424632353125 0.15441176406249998 0.422181371875
0 0.10866013125 0.20098039218750002 0.1045751640625 0.20588235312499997 0.10702614375 0.20710784375000002 0.1119281046875 0.20098039218750002 0.10866013125 0.20098039218750002
0 0.1919934640625 0.26164215625 0.20179738593750002 0.2640931375 0.2026143796875 0.26164215625 0.1919934640625 0.259803921875 0.1919934640625 0.26164215625