0 0.528186275 0.3143382359375 0.5228758171875 0.32107843125 0.5228758171875 0.32567402031250003 0.5326797390625 0.3345588234375 0.5469771234375 0.34375 0.5641339875 0.3544730390625 0.5755718953125 0.3612132359375 0.5829248359375 0.3612132359375 0.5931372546875 0.3572303921875 0.6041666671875 0.3517156859375 0.6127450984375 0.344056371875 0.623774509375 0.33118872499999996 0.623774509375 0.3275122546875 0.6196895421875 0.325367646875 0.5690359484374999 0.3131127453125 0.544117646875 0.30698529375 0.5408496734375 0.306678921875 0.53349673125 0.31004902031250003 0.528186275 0.3143382359375
0 0.37254902031250003 0.8884803921875 0.3700980390625 0.8887867640625 0.3700980390625 0.891850490625 0.374591503125 0.8979779406249999 0.3827614375 0.9044117640625 0.3901143796875 0.910539215625 0.392565359375 0.910539215625 0.40277777812500004 0.9194240203125 0.40931372499999996 0.9234068625 0.41789215625000004 0.9313725484375001 0.4227941171875 0.9353553921875 0.43014705937500003 0.9356617640625 0.43096405156250006 0.9350490203125 0.43423202656250004 0.937193628125 0.44281045781249995 0.9420955875000001 0.44240196093749995 0.9375 0.3905228765625 0.890931371875 0.382352940625 0.8835784312499999 0.377042484375 0.8829656859374999 0.377042484375 0.8860294124999999 0.375408496875 0.886335784375 0.37254902031250003 0.8884803921875
0 0.3864379078125 0.937806371875 0.39460784375 0.9396446078125 0.40236928125000004 0.9427083328125001 0.4203431375 0.953125 0.4264705875 0.9466911765624999 0.41789215625000004 0.9420955875000001 0.40196078437500005 0.934742646875 0.39297385625 0.9286151953124999 0.384803921875 0.93198529375 0.3827614375 0.9356617640625 0.3864379078125 0.937806371875
0 0.6013071890624999 0.71017156875 0.6037581703125 0.70863970625 0.6041666671875 0.700367646875 0.6045751640625 0.6957720593750001 0.59926470625 0.6927083328125 0.59150326875 0.69148284375 0.5849673203125 0.6899509796875 0.578431371875 0.6948529406249999 0.57883986875 0.6985294125 0.590686275 0.707414215625 0.6013071890624999 0.71017156875
0 0.5416666671875 0.8443627453125 0.545751634375 0.8462009796875 0.5669934640625 0.83823529375 0.562908496875 0.83210784375 0.5408496734375 0.839460784375 0.5416666671875 0.8443627453125
0 0.635620915625 0.797181371875 0.6307189546874999 0.7787990203125 0.6217320265625 0.78125 0.6266339875 0.7977941171875 0.6299019609375 0.7984068625 0.634803921875 0.7990196078125 0.635620915625 0.797181371875
0 0.8529411765624999 0.6770833328125 0.8709150328125 0.6868872546875 0.87581699375 0.68198529375 0.85866013125 0.672181371875 0.8529411765624999 0.6770833328125
0 0.936274509375 0.6685049015625 0.955882353125 0.6556372546875 0.9485294124999999 0.65073529375 0.9289215687500001 0.6636029406249999 0.936274509375 0.6685049015625
0 0.1004901953125 0.5165441171875 0.11846405156249999 0.5024509796875 0.11356209218749999 0.5 0.09640522812499999 0.5134803921875 0.1004901953125 0.5165441171875
0 0.0049019609375 0.4932598046875 0.025326796875 0.48835784374999996 0.0236928109375 0.4834558828125 0.0032679734374999997 0.48835784374999996 0.0049019609375 0.4932598046875
0 0.25245097968749997 0.36642156875 0.25081699375 0.3486519609375 0.2450980390625 0.34926470625 0.2450980390625 0.36642156875 0.25245097968749997 0.36642156875