0 0.052287581250000006 0.058210784375000005 0.0625 0.05085784375 0.06944444375 0.045649509375 0.061683006250000005 0.034007353125 0.052287581250000006 0.029718137500000002 0.044117646875 0.030637254687499997 0.034722221875 0.03523284375 0.0359477125 0.0450367640625 0.0375817 0.055147059374999995 0.052287581250000006 0.058210784375000005
0 0.0592320265625 0.1243872546875 0.0592320265625 0.1197916671875 0.0502450984375 0.1139705875 0.04289215625 0.1084558828125 0.03513071875 0.1139705875 0.042075164062499996 0.120710784375 0.0486111109375 0.12653186249999998 0.053513071875 0.1271446078125 0.0592320265625 0.1243872546875
0 0.053513071875 0.1752450984375 0.0600490203125 0.174632353125 0.060457515625 0.16942402031249998 0.0498366015625 0.160539215625 0.04370915 0.15716911718749998 0.0514705875 0.15379902031249998 0.06903594843750001 0.14460784375 0.0866013078125 0.13970588281250002 0.1139705875 0.1311274515625 0.125 0.126225490625 0.13929738593750002 0.1240808828125 0.1556372546875 0.125 0.1646241828125 0.1240808828125 0.16789215625 0.11887254843749999 0.15972222187500001 0.11795343124999999 0.144199346875 0.116727940625 0.1315359484375 0.1197916671875 0.116830065625 0.125 0.1013071890625 0.1295955875 0.0747549015625 0.137867646875 0.0486111109375 0.1470588234375 0.032679739062500004 0.153492646875 0.0322712421875 0.1611519609375 0.042075164062499996 0.17095588281250002 0.053513071875 0.1752450984375
0 0.0592320265625 0.09068627500000001 0.053513071875 0.09895833281250001 0.0641339875 0.1017156859375 0.0776143796875 0.10079656875000001 0.08823529375 0.0958946078125 0.0857843140625 0.0860906859375 0.0772058828125 0.07965686250000001 0.08210784374999999 0.075367646875 0.07883986875 0.07107843124999999 0.0735294125 0.06556372499999999 0.0682189546875 0.0625 0.0596405234375 0.0661764703125 0.053104575 0.0735294125 0.0571895421875 0.0802696078125 0.0625 0.0860906859375 0.0592320265625 0.09068627500000001
0 0.501225490625 0.13756127499999998 0.5232843140625 0.15808823593750002 0.5559640515625001 0.183210784375 0.5665849671875 0.190257353125 0.573120915625 0.181678921875 0.5510620921875 0.16482843125 0.526143790625 0.1458333328125 0.508169934375 0.133272059375 0.490604575 0.11795343124999999 0.4779411765625 0.10753676406249998 0.4689542484375 0.11121323593750002 0.4795751640625 0.1197916671875 0.501225490625 0.13756127499999998
0 0.5939542484375 0.219975490625 0.60620915 0.218443628125 0.61642156875 0.21537990156250003 0.6184640515625001 0.2095588234375 0.6127450984375 0.1963848046875 0.6033496734375 0.1822916671875 0.598039215625 0.17003676406249998 0.5878267968750001 0.1724877453125 0.5857843140625 0.177696078125 0.57883986875 0.1825980390625 0.571486928125 0.18443627499999998 0.561274509375 0.18933823593750002 0.5694444437499999 0.2006740203125 0.581699346875 0.2126225484375 0.5939542484375 0.219975490625
0 0.615196078125 0.1954656859375 0.616013071875 0.2095588234375 0.5996732031249999 0.22395833281250002 0.6000816999999999 0.23529411718749998 0.598856209375 0.24540441249999997 0.6041666671875 0.25337009843749997 0.616013071875 0.2594975484375 0.6376633984375 0.258272059375 0.6388888890625 0.24601715624999998 0.642565359375 0.234681371875 0.643382353125 0.219056371875 0.634395425 0.20098039218750002 0.625408496875 0.1813725484375 0.616830065625 0.16176470625 0.607434640625 0.148897059375 0.5874183000000001 0.140931371875 0.5763888890625 0.134803921875 0.5669934640625 0.13970588281250002 0.571486928125 0.1473651953125 0.5866013078125001 0.164522059375 0.598039215625 0.17371323593750002 0.60702614375 0.1822916671875 0.615196078125 0.1954656859375
0 0.3108660125 0.23805147031249999 0.312908496875 0.22855392187499998 0.31004902031250003 0.22242647031249999 0.296568628125 0.22150735312499997 0.29370915000000003 0.22855392187499998 0.2904411765625 0.23805147031249999 0.2969771234375 0.2423406859375 0.3084150328125 0.24295343125 0.3108660125 0.23805147031249999
0 0.796568628125 0.18658088281250002 0.8010620921875 0.1881127453125 0.8059640515625001 0.1825980390625 0.8018790843750001 0.1767769609375 0.796568628125 0.169117646875 0.7896241828125 0.17095588281250002 0.792483659375 0.17738970625 0.796568628125 0.18658088281250002
0 0.6470588234375 0.3486519609375 0.6491013078125001 0.358149509375 0.66013071875 0.36825980468749997 0.696895425 0.37132352968750004 0.7275326796875 0.366727940625 0.7267156859375 0.346507353125 0.7275326796875 0.3204656859375 0.7246732031249999 0.306678921875 0.70547385625 0.3063725484375 0.6752450984375 0.30361519531250003 0.652777778125 0.30392156875 0.6491013078125001 0.31801470625 0.6486928109375001 0.336397059375 0.6470588234375 0.3486519609375
0 0.615196078125 0.39307597968749997 0.661356209375 0.38357843125 0.661356209375 0.3795955875 0.659722221875 0.3700980390625 0.6482843140625 0.35569852968750004 0.645016340625 0.3489583328125 0.635620915625 0.3501838234375 0.61478758125 0.3575367640625 0.5923202609375 0.3645833328125 0.591094771875 0.3795955875 0.598039215625 0.39399509843749997 0.615196078125 0.39307597968749997
0 0.3688725484375 0.4056372546875 0.37785947656249996 0.3985906859375 0.3803104578125 0.3841911765625 0.383986928125 0.36948529375 0.3529411765625 0.37254902031250003 0.34109477187500004 0.374693628125 0.34109477187500004 0.390318628125 0.3419117640625 0.40196078437500005 0.349673203125 0.4071691171875 0.3688725484375 0.4056372546875
0 0.30024509843749997 0.5052083328125 0.3263888890625 0.504289215625 0.35049019531250003 0.503063725 0.3709150328125 0.49509803906250005 0.3733660125 0.48805147031249996 0.3631535953125 0.4767156859375 0.349673203125 0.4733455875 0.32475490156250003 0.47242647031249996 0.286356209375 0.47947303906250005 0.2806372546875 0.48988970624999995 0.2818627453125 0.5021446078125 0.30024509843749997 0.5052083328125
0 0.20751634062500002 0.42616421562499995 0.2185457515625 0.42555147031249996 0.23161764687500003 0.40226715625000004 0.23611111093749998 0.3955269609375 0.23611111093749998 0.3884803921875 0.23611111093749998 0.382352940625 0.2095588234375 0.3743872546875 0.203431371875 0.3700980390625 0.19607843125 0.3802083328125 0.18504902031249998 0.3927696078125 0.16789215625 0.405024509375 0.1740196078125 0.4114583328125 0.1825980390625 0.41789215625000004 0.20751634062500002 0.42616421562499995
0 0.20098039218750002 0.46139705937500003 0.20098039218750002 0.4672181375 0.20506535937499998 0.48069852968750004 0.2185457515625 0.4865196078125 0.22916666718749998 0.48039215625000004 0.23815359531250002 0.47212009843749997 0.2475490203125 0.46568627500000004 0.251225490625 0.45710784374999996 0.2475490203125 0.4396446078125 0.23815359531250002 0.42585784374999996 0.21486928125000002 0.43137254843750006 0.18995097968750002 0.437806371875 0.186274509375 0.44454656875 0.187908496875 0.45649509843749997 0.20098039218750002 0.46139705937500003
0 0.42483660156249997 0.6890318625 0.43300653593750005 0.6853553921875 0.4391339875 0.68198529375 0.43178104531250006 0.673100490625 0.419117646875 0.66176470625 0.4068627453125 0.6724877453125 0.4154411765625 0.6801470593750001 0.42483660156249997 0.6890318625