0 0.7442810453125001 0.33517156875 0.7377450984375 0.33976715625 0.74918300625 0.3541666671875 0.7557189546874999 0.35049019531250003 0.7442810453125001 0.33517156875
0 0.8035130718750001 0.26225490156250003 0.8108660125 0.2735906859375 0.8149509796875 0.27267156875 0.8084150328125 0.26164215625 0.8035130718750001 0.26225490156250003
0 0.81168300625 0.36335784375 0.8047385625000001 0.358149509375 0.79370915 0.375 0.8018790843750001 0.377757353125 0.81168300625 0.36335784375
0 0.7569444437499999 0.3645833328125 0.7422385625000001 0.353553921875 0.741013071875 0.3584558828125 0.7524509796875 0.36825980468749997 0.7569444437499999 0.3645833328125
0 0.7569444437499999 0.3811274515625 0.7671568625 0.3700980390625 0.7794117640625 0.356617646875 0.7728758171875 0.35232843125 0.759803921875 0.36948529375 0.74918300625 0.3756127453125 0.7569444437499999 0.3811274515625
0 0.6944444437499999 0.3952205875 0.6850490203125 0.3915441171875 0.677696078125 0.4172794125 0.68668300625 0.41789215625000004 0.6944444437499999 0.3952205875
0 0.5314542484375 0.551164215625 0.5212418296875 0.5490196078125 0.51960784375 0.5716911765625 0.5298202609375 0.5732230390625 0.5314542484375 0.551164215625
0 0.5073529406249999 0.552696078125 0.508986928125 0.5854779406249999 0.51879085 0.5857843140625 0.515931371875 0.5536151953124999 0.5073529406249999 0.552696078125
0 0.56331699375 0.6017156859375 0.53513071875 0.6112132359375 0.5375816999999999 0.6170343140625 0.5649509796875 0.6075367640625 0.56331699375 0.6017156859375
0 0.45547385625 0.6697303921875 0.427696078125 0.640625 0.41748365937500004 0.64767156875 0.44321895468749994 0.676164215625 0.45547385625 0.6697303921875
0 0.40155228750000005 0.7493872546875 0.4060457515625 0.690257353125 0.3982843140625 0.683210784375 0.28513071874999996 0.690563725 0.27818627500000004 0.7515318625 0.2904411765625 0.75857843125 0.40155228750000005 0.7493872546875
0 0.44771241875 0.4834558828125 0.4607843140625 0.48100490156250003 0.4681372546875 0.47732843125 0.4754901953125 0.44975490156250003 0.47385620937499995 0.44087009843749997 0.46609477187500004 0.4375 0.4579248359375 0.4396446078125 0.446895425 0.44975490156250003 0.438725490625 0.4595588234375 0.438725490625 0.4702818625 0.436274509375 0.4779411765625 0.3766339875 0.55392156875 0.38725490156250003 0.55851715625 0.438725490625 0.490196078125 0.44771241875 0.4834558828125