0 0.3733850125 0.09181201562499999 0.3699397078125 0.07582364375 0.34711455625 0.066860465625 0.2803617578125 0.085513565625 0.285099053125 0.1002906984375 0.315245478125 0.10683139531250001 0.3733850125 0.09181201562499999
0 0.3531438421875 0.480862403125 0.3273040484375 0.4842538765625 0.3178294578125 0.48837209374999996 0.3109388453125 0.4978197671875 0.3049095609375 0.515261628125 0.3031869078125 0.532461240625 0.3066322140625 0.5486918609375 0.3161068046875 0.5571705421875001 0.34711455625 0.5603197671875 0.4091300609375 0.562015503125 0.4392764859375 0.5595930234375001 0.44788975000000003 0.5540213171875 0.45478036250000003 0.5346414734375 0.453057709375 0.5002422484375 0.446167096875 0.48280038750000004 0.423772609375 0.47529069843749994 0.4056847546875 0.4767441859375 0.3531438421875 0.480862403125
0 0.121016365625 0.7141472875 0.151162790625 0.7177810078125 0.1597760546875 0.7085755812500001 0.1447028421875 0.7063953484375001 0.1580534015625 0.6954941859375 0.1503014640625 0.681686046875 0.1580534015625 0.6560077515625 0.14125753593749998 0.639534884375 0.11369509062500001 0.6438953484375001 0.10852713124999999 0.646802325 0.0964685609375 0.677810078125 0.0908699390625 0.7049418609375 0.121016365625 0.7141472875
0 0.5615848406249999 0.723837209375 0.5529715765625001 0.728439921875 0.57795004375 0.7420058140625 0.5848406546875 0.7369186046875 0.5615848406249999 0.723837209375
0 0.7863910421875 0.7158430234375001 0.7566752796875 0.720687984375 0.763135228125 0.72577519375 0.7919896640624999 0.720687984375 0.7863910421875 0.7158430234375001
0 0.695951765625 0.75702519375 0.6787252374999999 0.7555717046875 0.6614987078125 0.76162790625 0.6804478890625 0.776162790625 0.6942291125 0.7703488375 0.695951765625 0.75702519375
0 0.8277347109375001 0.415939921875 0.8557278203124999 0.41521317812499997 0.8608957796875 0.3689437984375 0.7209302328125 0.363614340625 0.7097329890624999 0.40891472812499996 0.7984496125 0.42369186093750005 0.8277347109375001 0.415939921875
0 0.77260981875 0.5547480625000001 0.9715762281250001 0.5053294578124999 0.960378984375 0.4985465109375 0.9414298015625 0.49733527187500004 0.905254090625 0.4811046515625 0.8837209296875 0.4743217046875 0.894056846875 0.44500969062499995 0.76485788125 0.418362403125 0.72782084375 0.48013565937499997 0.8165374671875 0.4893410859375 0.7398794140625 0.52422480625 0.77260981875 0.5547480625000001
0 0.6541774328125001 0.5571705421875001 0.6761412578125 0.55547480625 0.69379845 0.5520833328125 0.6976744187499999 0.547238371875 0.6705426359375 0.49152131718750003 0.6662360031250001 0.4893410859375 0.6274763140624999 0.49467054218750006 0.60077519375 0.5055717046875 0.60852713125 0.5084786828125 0.6352282515625001 0.5390019374999999 0.6541774328125001 0.5571705421875001
0 0.48664944062500004 0.518410853125 0.49267872500000004 0.5140503875 0.4900947453125 0.508236434375 0.4840654609375 0.5067829453125 0.4745908703125 0.50702519375 0.4651162796875 0.5099321703124999 0.4599483203125 0.516715115625 0.47286821718749994 0.5205910859375 0.48664944062500004 0.518410853125
0 0.09905254062499999 0.5104166671875 0.136089578125 0.5067829453125 0.17915589999999998 0.5021802328125 0.2252368640625 0.4888565890625 0.24590869999999998 0.4796511625 0.22868217031250002 0.4389534890625 0.23772609843749998 0.4295058140625 0.23471145624999998 0.4072189921875 0.170111971875 0.4169089140625 0.150732128125 0.41787790625000004 0.1124031 0.4173934109375 0.083979328125 0.41957364375 0.0925925921875 0.4375 0.09302325624999999 0.46220930156250006 0.09905254062499999 0.5104166671875
0 0.24633936250000002 0.4798934109375 0.2308354859375 0.4869186046875 0.24892334218749998 0.49757751875 0.2420327296875 0.5029069765624999 0.2885443578125 0.514534884375 0.3083548671875 0.5041182171874999 0.3143841515625 0.4895833328125 0.32472006875 0.48473837187499996 0.3307493546875 0.476986434375 0.33936261874999996 0.469961240625 0.3350559859375 0.4600290703125 0.2980189484375 0.43338178281250006 0.281653746875 0.420784884375 0.2609819125 0.42611434062500003 0.2325581390625 0.44500969062499995 0.24633936250000002 0.4798934109375
0 0.00043066249999999996 0.4685077515625 0.016365203124999998 0.4735949609375 0.020241171875 0.4813469 0.0297157625 0.4830426359375 0.027993109375000002 0.49563953437499997 0.04091300625 0.50072674375 0.020241171875 0.5271317828125001 0.041774332812499995 0.5239825578125 0.06373815625 0.5227713171875 0.0904392765625 0.523740309375 0.11584840625 0.528100775 0.095176571875 0.536337209375 0.10637381562499999 0.538759690625 0.1201550390625 0.5416666671875 0.124892334375 0.544089146875 0.13221360937499999 0.540939921875 0.134366925 0.543362403125 0.1447028421875 0.5390019374999999 0.17527993125000002 0.53197674375 0.2166236 0.5210755812500001 0.23987941406250002 0.512839146875 0.2316968125 0.5067829453125 0.24720068906249998 0.49830426406250006 0.2316968125 0.48837209374999996 0.20284237656249998 0.4963662796875 0.18260120625 0.502664728125 0.12919896718749999 0.5084786828125 0.09776055156249999 0.51162790625 0.0908699390625 0.462936046875 0.0908699390625 0.4389534890625 0.0887166234375 0.43241279062500004 0.067614125 0.43483527187500004 0.024117140625 0.44646317812499997 0.00043066249999999996 0.4631782953125 0.00043066249999999996 0.4685077515625
0 0.63824289375 0.3064437984375 0.5891472875 0.282461240625 0.5572782078125 0.2984496125 0.576227390625 0.31007751875 0.6072351421875 0.320736434375 0.63824289375 0.3064437984375
0 0.93669250625 0.46172480625 0.904823428125 0.46438953437499997 0.9521963828125 0.478439921875 0.961240309375 0.4672965109375 0.93669250625 0.46172480625
0 0.6890611546875001 0.503149225 0.7045650296875 0.5155038765625 0.7192075796874999 0.5142926359375 0.7192075796874999 0.5092054265625 0.72782084375 0.5053294578124999 0.7364341078125001 0.5072674421875 0.744186046875 0.4978197671875 0.7416020671875 0.4907945734375 0.7235142125 0.48037790625000004 0.7166235999999999 0.4765019375 0.68303186875 0.48158914687500004 0.6692506453125 0.4765019375 0.665805340625 0.48716085312499996 0.6804478890625 0.5072674421875 0.6890611546875001 0.503149225
0 0.89190353125 0.4372577515625 0.8832902671875 0.4217538765625 0.8596037890625 0.43241279062500004 0.860465115625 0.4375 0.8763996562499999 0.44064922500000003 0.89190353125 0.4372577515625
0 0.6744186046875 0.0838178296875 0.6795865640625001 0.0811531 0.6632213609375001 0.058381782812500005 0.64513350625 0.0743701546875 0.647717484375 0.0801841078125 0.6571920765625 0.0796996125 0.6744186046875 0.0838178296875
0 0.8807062875 0.5295542640625001 0.8850129203125 0.5411821703124999 0.9026701125000001 0.5404554265625 0.8953488374999999 0.5259205421875001 0.8807062875 0.5295542640625001
0 0.6347975890625001 0.5639534890625 0.628768303125 0.559835271875 0.62360034375 0.5615310078125 0.6296296296875 0.5646802328125 0.6356589140625 0.5673449609375 0.6347975890625001 0.5639534890625
0 0.85443583125 0.557412790625 0.8501291984374999 0.5557170546875 0.830318690625 0.5513565890625001 0.8234280796875 0.5547480625000001 0.8316106796874999 0.56637596875 0.8397932812500001 0.5658914734375 0.85443583125 0.557412790625