0 0.3333333328125 0.36478758125 0.335477940625 0.3594771234375 0.33486519531250003 0.3541666671875 0.3302696078125 0.3537581703125 0.32107843125 0.35580065312500003 0.31801470625 0.36274509843749997 0.32107843125 0.365604575 0.3333333328125 0.36478758125
0 0.2674632359375 0.31331699375 0.27450980468749997 0.3272058828125 0.29013480468749997 0.35620915000000003 0.301164215625 0.3602941171875 0.33363970625 0.37418300625 0.34037990156250003 0.3635620921875 0.34129902031250003 0.3545751640625 0.34068627500000004 0.3447712421875 0.3357843140625 0.3366013078125 0.31617647031249996 0.30392156875 0.29381127500000004 0.27777777812500004 0.2794117640625 0.2818627453125 0.2732843140625 0.2900326796875 0.2677696078125 0.3006535953125 0.2674632359375 0.31331699375
0 0.19056372500000002 0.35866013125 0.19914215625 0.36274509843749997 0.2435661765625 0.3860294125 0.2481617640625 0.3966503265625 0.254289215625 0.4048202609375 0.3517156859375 0.445669934375 0.3584558828125 0.439542484375 0.3615196078125 0.43178104531250006 0.3639705875 0.4203431375 0.36642156875 0.40032679687500006 0.36488970625 0.3905228765625 0.3599877453125 0.38725490156250003 0.2735906859375 0.348039215625 0.26164215625 0.348039215625 0.25 0.3517156859375 0.19914215625 0.3349673203125 0.1942401953125 0.34068627500000004 0.191789215625 0.3508986921875 0.19056372500000002 0.35866013125
0 0.3768382359375 0.4620098046875 0.372242646875 0.4677287578125 0.3673406859375 0.4783496734375 0.36274509843749997 0.48774509843749997 0.3615196078125 0.49305555625 0.3615196078125 0.5065359484374999 0.36642156875 0.51633986875 0.40226715625000004 0.5404411765625 0.447303921875 0.5584150328125 0.45741421562499995 0.551879084375 0.462928921875 0.5420751640625 0.4666053921875 0.5302287578125 0.4672181375 0.5147058828125 0.4672181375 0.5077614374999999 0.46507352968750004 0.501225490625 0.46047794062499997 0.49346405156250006 0.423100490625 0.48202614375 0.41881127500000004 0.4787581703125 0.3924632359375 0.4599673203125 0.3857230390625 0.4599673203125 0.38204656875 0.45751634062499996 0.3768382359375 0.4620098046875
0 0.304227940625 0.6033496734375 0.31004902031250003 0.5984477125 0.30698529375 0.5943627453125 0.3045343140625 0.5874183000000001 0.30361519531250003 0.5796568625 0.298100490625 0.5772058828125 0.2947303921875 0.578431371875 0.28982843125 0.58210784375 0.28492647031249996 0.590686275 0.287071078125 0.6008986921874999 0.2922794125 0.606617646875 0.295649509375 0.60620915 0.304227940625 0.6033496734375
0 0.3541666671875 0.63521241875 0.359681371875 0.627042484375 0.3578431375 0.6102941171875 0.3572303921875 0.6033496734375 0.3615196078125 0.5923202609375 0.36274509843749997 0.5829248359375 0.362132353125 0.5690359484374999 0.359375 0.554330065625 0.348039215625 0.5142973859375 0.344056371875 0.508169934375 0.3419117640625 0.49550653593750005 0.339460784375 0.4767156859375 0.3330269609375 0.45547385625 0.3229166671875 0.447303921875 0.3125 0.44240196093749995 0.30361519531250003 0.44281045781249995 0.29442402031250003 0.44607843125 0.284007353125 0.455065359375 0.2806372546875 0.4697712421875 0.2818627453125 0.482434640625 0.2858455875 0.49632352968750004 0.29013480468749997 0.5077614374999999 0.2916666671875 0.5151143796875 0.29381127500000004 0.5216503265625 0.29350490156250003 0.533905228125 0.30698529375 0.590277778125 0.309742646875 0.59763071875 0.3125 0.6029411765625 0.3186274515625 0.609068628125 0.323835784375 0.6123366015625 0.3287377453125 0.6172385625000001 0.33118872499999996 0.625408496875 0.3342524515625 0.63521241875 0.33976715625 0.6388888890625 0.34712009843749997 0.6392973859375 0.3541666671875 0.63521241875
0 0.34773284375 0.6388888890625 0.35539215625 0.63521241875 0.3599877453125 0.625408496875 0.3572303921875 0.609068628125 0.35049019531250003 0.607434640625 0.3452818625 0.607434640625 0.33976715625 0.609068628125 0.3345588234375 0.61478758125 0.3302696078125 0.6225490203125 0.3333333328125 0.63521241875 0.3385416671875 0.6388888890625 0.34773284375 0.6388888890625
0 0.6810661765625 0.6376633984375 0.6838235296875 0.609068628125 0.6737132359375 0.60702614375 0.671568628125 0.634803921875 0.6810661765625 0.6376633984375
0 0.8881740203125 0.75857843125 0.8832720593750001 0.7373366015625 0.8835784312499999 0.7267156859375 0.8848039218749999 0.7193627453125 0.8817401953124999 0.70547385625 0.878063725 0.7120098046875001 0.8685661765624999 0.7099673203125 0.856617646875 0.7083333328125 0.8514093140625001 0.7120098046875001 0.8501838234375001 0.7169117640625 0.8483455875000001 0.7287581703125 0.8504901953124999 0.7381535953125 0.8541666671874999 0.7463235296875 0.862132353125 0.7516339875 0.8645833328125001 0.76797385625 0.8697916671874999 0.7720588234375 0.8743872546875 0.77573529375 0.8829656859374999 0.7716503265625 0.89613970625 0.778594771875 0.8955269609375 0.7618464046875 0.8881740203125 0.75857843125
0 0.9099264703125 0.5134803921875 0.8970588234375001 0.50857843125 0.9056372546875 0.51879085 0.910539215625 0.51879085 0.9099264703125 0.5134803921875
0 0.2493872546875 0.08129085 0.2282475484375 0.078431371875 0.2276348046875 0.08251634062499999 0.24908088281250002 0.0861928109375 0.2493872546875 0.08129085
0 0.3020833328125 0.1213235296875 0.29013480468749997 0.116830065625 0.2907475484375 0.1209150328125 0.3030024515625 0.125408496875 0.3020833328125 0.1213235296875
0 0.102022059375 0.9914215687500001 0.0943627453125 0.983251634375 0.0814950984375 0.99918300625 0.0962009796875 0.999591503125 0.102022059375 0.9914215687500001
0 0.9601715687500001 0.24632352968750001 0.948835784375 0.2455065359375 0.9479166671874999 0.25367647031249996 0.9610906859374999 0.2557189546875 0.9601715687500001 0.24632352968750001
0 0.9286151953124999 0.1499183 0.9240196078125 0.1495098046875 0.9255514703125 0.15972222187500001 0.9304534312499999 0.161356209375 0.9286151953124999 0.1499183