0 0.2066666671875 0.60275 0.1846666671875 0.776 0.2686666671875 0.8092499999999999 0.45533333281250005 0.825 0.48733333281249996 0.8145 0.49733333281250003 0.8157500000000001 0.5046666671875 0.581 0.46799999999999997 0.56975 0.2966666671875 0.5735 0.2066666671875 0.60275
0 0.1606666671875 0.59925 0.10733333281249999 0.623 0.11699999999999999 0.64725 0.1483333328125 0.63725 0.176 0.59075 0.1606666671875 0.59925
0 0.1553333328125 0.575 0.1913333328125 0.6052500000000001 0.238 0.57975 0.1926666671875 0.54725 0.1553333328125 0.575
0 0.051000000000000004 0.64625 0.079 0.63625 0.0816666671875 0.62375 0.0653333328125 0.62175 0.0576666671875 0.58175 0.0063333328125 0.5900000000000001 0 0.5905 0.0006666671875 0.64225 0.051000000000000004 0.64625
0 0.0873333328125 0.46125 0.0186666671875 0.46900000000000003 0.0233333328125 0.48375 0.0866666671875 0.47450000000000003 0.0873333328125 0.46125
0 0.37066666718749997 0.544 0.33366666718750004 0.50175 0.3193333328125 0.501 0.32999999999999996 0.5145 0.3223333328125 0.5215 0.3156666671875 0.524 0.3056666671875 0.52 0.304 0.52225 0.3363333328125 0.5690000000000001 0.3566666671875 0.5665 0.3693333328125 0.5565 0.37066666718749997 0.544
0 0.5826666671875 0.754 0.6026666671875 0.74725 0.5946666671874999 0.7342500000000001 0.5980000000000001 0.71925 0.5933333328125 0.70225 0.5713333328125 0.6665 0.5553333328125001 0.63525 0.5473333328125001 0.6207499999999999 0.532 0.619 0.5126666671875 0.6252500000000001 0.5026666671875 0.629 0.502 0.63625 0.544 0.725 0.5660000000000001 0.73775 0.5773333328125 0.7422500000000001 0.5826666671875 0.754
0 0.4126666671875 0.5625 0.42833333281249997 0.54525 0.45133333281250004 0.5245 0.47000000000000003 0.50275 0.48 0.49050000000000005 0.4486666671875 0.47874999999999995 0.43566666718749997 0.47450000000000003 0.41 0.49974999999999997 0.392 0.52275 0.3776666671875 0.53225 0.3713333328125 0.5415 0.37 0.55325 0.3546666671875 0.56975 0.3603333328125 0.57175 0.381 0.57075 0.3966666671875 0.5660000000000001 0.4126666671875 0.5625
0 0.5153333328125 0.46725000000000005 0.5093333328125 0.4765 0.5026666671875 0.48825 0.49466666718749996 0.504 0.49533333281249997 0.5175 0.5046666671875 0.526 0.5246666671875 0.5295 0.54 0.5269999999999999 0.5453333328125 0.514 0.5513333328125001 0.502 0.558 0.48575 0.558 0.47400000000000003 0.5546666671875 0.4665 0.5559999999999999 0.45875000000000005 0.5606666671875 0.4495 0.5353333328125001 0.44475 0.532 0.45549999999999996 0.528 0.45875000000000005 0.5153333328125 0.46725000000000005
0 0.5246666671875 0.45999999999999996 0.5269999999999999 0.45199999999999996 0.5136666671875 0.45125000000000004 0.5056666671875 0.4485 0.489 0.4605 0.465 0.47725 0.4766666671875 0.48650000000000004 0.502 0.47925000000000006 0.509 0.4715 0.5246666671875 0.45999999999999996
0 0.808 0.62775 0.778 0.592 0.7726666671875 0.6295 0.78 0.64375 0.808 0.62775
0 0.775 0.48175 0.7806666671875 0.49775 0.7873333328125 0.50475 0.8130000000000001 0.507 0.8323333328125001 0.51225 0.82 0.48200000000000004 0.8046666671875 0.46025 0.787 0.43949999999999995 0.7526666671875 0.417 0.7493333328125 0.43550000000000005 0.762 0.45375 0.768 0.46749999999999997 0.775 0.48175
0 0.7893333328125001 0.5860000000000001 0.7846666671875 0.57675 0.8273333328125 0.57375 0.8426666671874999 0.5685 0.8586666671875 0.5475 0.8333333328125001 0.51425 0.8033333328125 0.5055 0.7893333328125001 0.50475 0.7746666671875 0.481 0.7513333328125 0.485 0.7273333328125 0.4845 0.7146666671874999 0.48175 0.7026666671874999 0.48724999999999996 0.6773333328125 0.505 0.67 0.56575 0.706 0.5915 0.78 0.592 0.7893333328125001 0.5860000000000001
0 0.9996666671875 0.37425 0.945 0.39249999999999996 0.9036666671875 0.45975 0.9410000000000001 0.49625 0.9826666671875 0.48525 0.9983333328124999 0.47050000000000003 0.9996666671875 0.37425
0 0.7546666671875 0.38275000000000003 0.7666666671875 0.39175 0.782 0.40425000000000005 0.7926666671875 0.414 0.8113333328125 0.42225 0.8086666671874999 0.437 0.806 0.45275 0.8240000000000001 0.487 0.8306666671875 0.50575 0.8406666671874999 0.51875 0.858 0.523 0.8806666671875 0.52525 0.8953333328124999 0.5277499999999999 0.9073333328125001 0.5207499999999999 0.9053333328125 0.50175 0.8960000000000001 0.4765 0.898 0.46224999999999994 0.89 0.45025000000000004 0.8813333328124999 0.43925000000000003 0.8633333328124999 0.42725 0.8480000000000001 0.4175 0.842 0.40099999999999997 0.8306666671875 0.39125 0.808 0.38075000000000003 0.8006666671874999 0.36924999999999997 0.788 0.35375 0.77 0.35675 0.754 0.375 0.7546666671875 0.38275000000000003
0 0.8973333328124999 0.57625 0.9019999999999999 0.56075 0.8576666671875 0.55675 0.8550000000000001 0.5675 0.8973333328124999 0.57625
0 0.23533333281250002 0.8872500000000001 0.2146666671875 0.892 0.22400000000000003 0.9135 0.24866666718750002 0.907 0.23533333281250002 0.8872500000000001