0 0.22000000000000003 0.02475 0.196 0.02525 0.1953333328125 0.032 0.2166666671875 0.028999999999999998 0.22000000000000003 0.02475
0 0.3213333328125 0.079 0.3213333328125 0.07475000000000001 0.317 0.0745 0.31266666718749997 0.07625 0.31233333281250003 0.07925 0.3166666671875 0.0795 0.3213333328125 0.079
0 0.2846666671875 0.13774999999999998 0.2893333328125 0.1355 0.29333333281249996 0.13625 0.2906666671875 0.122 0.286 0.12150000000000001 0.2793333328125 0.12375 0.266 0.132 0.2646666671875 0.135 0.2726666671875 0.13999999999999999 0.2846666671875 0.13774999999999998
0 0.4306666671875 0.061250000000000006 0.4346666671875 0.05725 0.442 0.05500000000000001 0.421 0.0445 0.41633333281249996 0.0465 0.41233333281249995 0.04425 0.40499999999999997 0.04025 0.4 0.041749999999999995 0.40099999999999997 0.04425 0.399 0.05 0.41900000000000004 0.05825 0.42300000000000004 0.0605 0.4306666671875 0.061250000000000006
0 0.6466666671875 0.06475 0.644 0.06675 0.6473333328125 0.06825 0.6626666671875 0.06875 0.6639999999999999 0.06225000000000001 0.6506666671875 0.065 0.6466666671875 0.06475
0 0.7753333328124999 0.12175 0.7723333328125 0.11100000000000002 0.7463333328124999 0.1105 0.75 0.12350000000000001 0.7546666671875 0.13174999999999998 0.7786666671875 0.132 0.7796666671875 0.122 0.7753333328124999 0.12175
0 0.6646666671875 0.32375 0.6626666671875 0.31975 0.6373333328124999 0.31625000000000003 0.5853333328125 0.3225 0.592 0.34950000000000003 0.6693333328125 0.34375 0.6679999999999999 0.32475 0.6646666671875 0.32375
0 0.6796666671875 0.33625 0.6799999999999999 0.32875 0.6743333328125 0.32775 0.6679999999999999 0.3225 0.6673333328125 0.3185 0.6603333328125001 0.3 0.6496666671875 0.28900000000000003 0.6406666671875 0.2765 0.6046666671875001 0.28450000000000003 0.5886666671875 0.29425 0.5813333328125 0.296 0.568 0.30525 0.5663333328125 0.31575000000000003 0.558 0.3255 0.571 0.33425 0.587 0.33725 0.6746666671875 0.335 0.6796666671875 0.33625
0 0.604 0.27949999999999997 0.5906666671874999 0.29075 0.638 0.2745 0.6233333328125 0.268 0.604 0.27949999999999997
0 0.6906666671874999 0.28650000000000003 0.6493333328124999 0.28675 0.6573333328125 0.3025 0.6966666671875 0.30025 0.6906666671874999 0.28650000000000003
0 0.5226666671875 0.2495 0.5086666671875 0.25025 0.5093333328125 0.253 0.52 0.253 0.5226666671875 0.2495
0 0.4763333328125 0.20725 0.46266666718750005 0.20375000000000001 0.458 0.20600000000000002 0.4733333328125 0.20975000000000002 0.4763333328125 0.20725
0 0.5766666671875 0.20099999999999998 0.5466666671875 0.19824999999999998 0.5386666671875 0.207 0.5693333328125 0.2105 0.5766666671875 0.20099999999999998
0 0.78 0.5622499999999999 0.7953333328125 0.5820000000000001 0.8226666671875 0.5745 0.8066666671875 0.55925 0.78 0.5622499999999999
0 0.7866666671875 0.7344999999999999 0.8333333328125001 0.70625 0.7486666671875 0.643 0.7106666671874999 0.65775 0.654 0.689 0.6813333328125 0.71775 0.7733333328125 0.74125 0.7866666671875 0.7344999999999999
0 0.7226666671875 0.64925 0.7263333328125 0.645 0.6406666671875 0.60725 0.614 0.59075 0.5896666671874999 0.5862499999999999 0.5536666671875 0.5974999999999999 0.5593333328125001 0.61175 0.5913333328125 0.646 0.6093333328125 0.66825 0.6626666671875 0.706 0.6683333328125001 0.70475 0.725 0.6519999999999999 0.7226666671875 0.64925
0 0.404 0.9855 0.3986666671875 0.9772500000000001 0.37333333281250003 0.9952500000000001 0.37466666718749997 0.99925 0.38133333281250004 0.9994999999999999 0.404 0.9855
0 0.0116666671875 0.6094999999999999 0.0153333328125 0.61175 0.0186666671875 0.60875 0.0193333328125 0.6052500000000001 0.022 0.602 0.0206666671875 0.59875 0.016 0.601 0.011 0.603 0.007000000000000001 0.60225 0.0033333328125 0.6042500000000001 0.007000000000000001 0.60825 0.0116666671875 0.6094999999999999
0 0.3026666671875 0.4285 0.2946666671875 0.43624999999999997 0.2886666671875 0.43724999999999997 0.2893333328125 0.44175000000000003 0.292 0.44025 0.30533333281249997 0.442 0.312 0.4345 0.3153333328125 0.42300000000000004 0.30133333281249997 0.42525 0.3026666671875 0.4285
0 0.19766666718749998 0.4215 0.197 0.417 0.20600000000000002 0.41174999999999995 0.21600000000000003 0.40925 0.22000000000000003 0.40549999999999997 0.2153333328125 0.40475000000000005 0.209 0.40875000000000006 0.1963333328125 0.41075 0.188 0.41550000000000004 0.1896666671875 0.42774999999999996 0.20033333281250001 0.43425 0.2166666671875 0.43425 0.22799999999999998 0.42275 0.22599999999999998 0.41425 0.21400000000000002 0.42024999999999996 0.20600000000000002 0.42225 0.19766666718749998 0.4215
0 0.05 0.41200000000000003 0.1266666671875 0.4225 0.142 0.41025 0.142 0.40774999999999995 0.158 0.3875 0.0846666671875 0.37825000000000003 0.061333332812499995 0.40049999999999997 0.048 0.40700000000000003 0.05 0.41200000000000003
0 0.1213333328125 0.3445 0.10366666718749999 0.3445 0.10533333281249999 0.348 0.1193333328125 0.34725 0.1213333328125 0.3445
0 0.438 0.2505 0.42400000000000004 0.2515 0.42533333281249996 0.2545 0.4373333328125 0.25325000000000003 0.438 0.2505
0 0.277 0.23625 0.264 0.2355 0.2636666671875 0.23875000000000002 0.27599999999999997 0.2395 0.277 0.23625
0 0.3486666671875 0.17625 0.354 0.17325 0.3406666671875 0.1715 0.3373333328125 0.17350000000000002 0.3393333328125 0.17675000000000002 0.3486666671875 0.17625
0 0.48333333281249996 0.173 0.475 0.17425 0.477 0.17775000000000002 0.4823333328125 0.1765 0.48333333281249996 0.173
0 0.736 0.21375000000000002 0.7413333328125 0.2185 0.7386666671875 0.22075 0.734 0.21925 0.7293333328125 0.22200000000000003 0.7413333328125 0.225 0.7526666671875 0.22275 0.7466666671875 0.21225 0.7486666671875 0.20525000000000002 0.738 0.2045 0.728 0.2065 0.7273333328125 0.209 0.7326666671875001 0.20975000000000002 0.736 0.21375000000000002
0 0.761 0.08775 0.7546666671875 0.089 0.759 0.09175 0.764 0.08925 0.761 0.08775
0 0.8326666671874999 0.026500000000000003 0.8266666671875 0.024 0.8140000000000001 0.025750000000000002 0.8213333328125 0.028000000000000004 0.8273333328125 0.028249999999999997 0.8326666671874999 0.026500000000000003