0 0.4049479171875 0.07958984375 0.3736979171875 0.08349609375 0.3802083328125 0.0908203125 0.4114583328125 0.08642578125 0.4049479171875 0.07958984375
0 0.353515625 0.1025390625 0.3470052078125 0.1103515625 0.3938802078125 0.12109375 0.396484375 0.11376953125 0.353515625 0.1025390625
0 0.4479166671875 0.1044921875 0.44921875 0.11083984375 0.4921875 0.11572265625 0.4921875 0.1103515625 0.4479166671875 0.1044921875
0 0.4986979171875 0.1015625 0.4869791671875 0.1259765625 0.5013020828125 0.12548828125 0.5052083328125 0.10107421875 0.4986979171875 0.1015625
0 0.5013020828125 0.01513671875 0.5091145828125 0.0458984375 0.51953125 0.041015625 0.5091145828125 0.01513671875 0.5013020828125 0.01513671875
0 0.59375 0.181640625 0.58203125 0.2041015625 0.5904947921875 0.21142578125 0.603515625 0.18505859375 0.59375 0.181640625
0 0.5494791671875 0.2451171875 0.5494791671875 0.2705078125 0.5598958328125 0.2705078125 0.5598958328125 0.24462890625 0.5494791671875 0.2451171875
0 0.888671875 0.08447265625 0.900390625 0.11328125 0.91015625 0.10888671875 0.9010416671874999 0.08251953125 0.888671875 0.08447265625
0 0.26953125 0.09912109375 0.2721354171875 0.1064453125 0.30078125 0.09912109375 0.2942708328125 0.09521484375 0.26953125 0.09912109375
0 0.05338541718749999 0.11083984375 0.0494791671875 0.1181640625 0.08723958281250001 0.1259765625 0.08854166718749999 0.119140625 0.05338541718749999 0.11083984375
0 0.22005208281250002 0.09619140625 0.21614583281250002 0.10400390625 0.24348958281250002 0.1123046875 0.24739583281250002 0.103515625 0.22005208281250002 0.09619140625
0 0.2747395828125 0.11474609375 0.3020833328125 0.1083984375 0.298828125 0.1005859375 0.2708333328125 0.107421875 0.2747395828125 0.11474609375
0 0.3203125 0.31494140625 0.3151041671875 0.322265625 0.3671875 0.33349609375 0.3658854171875 0.32470703125 0.3203125 0.31494140625
0 0.3645833328125 0.318359375 0.3489583328125 0.3056640625 0.3326822921875 0.30078125 0.3274739578125 0.3125 0.3411458328125 0.31201171875 0.3502604171875 0.32177734375 0.3645833328125 0.318359375
0 0.06901041718749999 0.134765625 0.078125 0.16064453125 0.0859375 0.1591796875 0.08463541718749999 0.13232421875 0.06901041718749999 0.134765625
0 0.08268229218749999 0.16552734375 0.08203125 0.18896484375 0.09505208281250001 0.18798828125 0.09505208281250001 0.16455078125 0.08268229218749999 0.16552734375
0 0.9388020828125001 0.20947265625 0.9518229171874999 0.22509765625 0.9609375 0.22265625 0.9479166671874999 0.20654296875 0.9388020828125001 0.20947265625
0 0.90625 0.38037109375 0.9016927078125001 0.39013671875 0.9251302078125001 0.3994140625 0.931640625 0.3896484375 0.90625 0.38037109375
0 0.9114583328125001 0.4130859375 0.9153645828125001 0.42333984375 0.9466145828125001 0.421875 0.9466145828125001 0.4130859375 0.9114583328125001 0.4130859375
0 0.98828125 0.47509765625 0.9739583328125001 0.5029296875 0.984375 0.50732421875 0.9973958328125001 0.4775390625 0.98828125 0.47509765625
0 0.6106770828125 0.4130859375 0.6171875 0.421875 0.6419270828125 0.4091796875 0.63671875 0.39990234375 0.6106770828125 0.4130859375
0 0.6432291671875 0.42236328125 0.6393229171875 0.45068359375 0.6477864578125 0.4501953125 0.65625 0.42626953125 0.6432291671875 0.42236328125
0 0.64453125 0.41650390625 0.6614583328125 0.44091796875 0.6705729171875 0.4375 0.65625 0.41455078125 0.64453125 0.41650390625
0 0.6471354171875 0.47265625 0.634765625 0.47265625 0.6341145828125 0.50146484375 0.6471354171875 0.501953125 0.6471354171875 0.47265625
0 0.6341145828125 0.5048828125 0.62890625 0.52587890625 0.640625 0.529296875 0.6432291671875 0.50830078125 0.6341145828125 0.5048828125
0 0.57421875 0.55078125 0.5755208328125 0.5439453125 0.5423177078125 0.54296875 0.5416666671875 0.55078125 0.57421875 0.55078125
0 0.4361979171875 0.53857421875 0.45703125 0.5576171875 0.4661458328125 0.55224609375 0.4479166671875 0.53271484375 0.4361979171875 0.53857421875
0 0.6334635421875 0.619140625 0.6451822921875 0.6240234375 0.6608072921875 0.6064453125 0.654296875 0.60107421875 0.6334635421875 0.619140625
0 0.6399739578125 0.638671875 0.6458333328125 0.64404296875 0.669921875 0.62841796875 0.6634114578125 0.62353515625 0.6399739578125 0.638671875
0 0.9166666671874999 0.75927734375 0.9049479171874999 0.76123046875 0.9095052078125001 0.7861328125 0.919921875 0.783203125 0.9166666671874999 0.75927734375
0 0.7272135421875 0.93115234375 0.7317708328125 0.92626953125 0.70703125 0.91552734375 0.7037760421875 0.92041015625 0.7272135421875 0.93115234375
0 0.1673177078125 0.93994140625 0.1653645828125 0.96630859375 0.1751302078125 0.9658203125 0.17578125 0.94091796875 0.1673177078125 0.93994140625
0 0.07486979218749999 0.92138671875 0.06315104218749999 0.91845703125 0.0546875 0.9296875 0.05598958281250001 0.9404296875 0.07486979218749999 0.92138671875
0 0.0442708328125 0.8525390625 0.0436197921875 0.8603515625 0.06705729218749999 0.86279296875 0.06575520781250001 0.85546875 0.0442708328125 0.8525390625
0 0.0546875 0.8623046875 0.0481770828125 0.86572265625 0.076171875 0.8818359375 0.08333333281250001 0.87646484375 0.0546875 0.8623046875
0 0.203125 0.59716796875 0.20572916718749998 0.59033203125 0.189453125 0.58740234375 0.169921875 0.580078125 0.166015625 0.58544921875 0.1829427078125 0.59423828125 0.203125 0.59716796875