0 0.24423076875 0.621153846875 0.2615384609375 0.5605769234375 0.17235576875 0.41698717968750004 0.1334134609375 0.4230769234375 0.10360576875000001 0.47115384687499995 0.19110576875000002 0.61891025625 0.24423076875 0.621153846875
0 0.31298076875 0.572435896875 0.3552884609375 0.559935896875 0.3834134609375 0.499358975 0.40360576875 0.49519230781249995 0.39110576875 0.478525640625 0.3896634609375 0.4516025640625 0.4084134609375 0.366025640625 0.3802884609375 0.3516025640625 0.3459134609375 0.35352564062499997 0.29110576875 0.31410256406250003 0.2365384609375 0.31826923125 0.2084134609375 0.34102564062499996 0.16298076875 0.3826923078125 0.18798076875 0.4076923078125 0.27548076875 0.5451923078124999 0.31298076875 0.572435896875
0 0.6973557687499999 0.70576923125 0.6990384609375 0.55576923125 0.6427884609375 0.5474358968749999 0.6177884609375 0.711858975 0.7052884609375 0.7391025640625 0.6973557687499999 0.70576923125
0 0.86298076875 0.7951923078124999 0.9146634609375001 0.809935896875 0.9536057687499999 0.7641025640625 0.9629807687499999 0.7141025640625001 0.9709134609375001 0.674358975 0.9584134609375001 0.641025640625 0.97235576875 0.5516025640625 0.97235576875 0.5266025640625001 0.92860576875 0.51826923125 0.8959134609375001 0.5076923078125 0.8584134609375 0.499358975 0.8084134609375001 0.48076923125000004 0.80985576875 0.503525640625 0.8271634609375 0.5201923078124999 0.8146634609375001 0.7016025640625 0.8396634609375001 0.7785256406250001 0.86298076875 0.7951923078124999
0 0.62860576875 0.43910256406250003 0.57548076875 0.4516025640625 0.5723557687499999 0.474358975 0.6302884609375 0.49102564062500004 0.64423076875 0.44326923125000006 0.62860576875 0.43910256406250003
0 0.48173076875 0.5326923078125 0.44735576874999994 0.5016025640625 0.4052884609375 0.5701923078125 0.44423076874999995 0.5910256406250001 0.48173076875 0.5326923078125
0 0.10985576875 0.45480769218750006 0.10673076875000001 0.34423076875 0.08653846093749999 0.375641025 0.053605768750000005 0.30673076875 0.0302884609375 0.300641025 0.05048076875 0.5233974359375 0.0896634609375 0.49230769218750003 0.10985576875 0.45480769218750006
0 0.18173076875 0.75673076875 0.2084134609375 0.8275641031250001 0.29735576875 0.852564103125 0.3021634609375 0.8048076921874999 0.29735576875 0.7673076921875001 0.3459134609375 0.6589743593749999 0.32860576875 0.600641025 0.27548076875 0.627564103125 0.24903846093749998 0.6173076921875 0.20985576875 0.6298076921875 0.2052884609375 0.66923076875 0.18173076875 0.75673076875
0 0.08485576875 0.8089743593750001 0.11923076875000001 0.73173076875 0.12235576875000001 0.663141025 0.15673076875 0.5798076921875001 0.1490384609375 0.5483974359375 0.0021634609375 0.758974359375 0.02548076875 0.800641025 0.08485576875 0.8089743593750001
0 0.3834134609375 0.4948717953125 0.3740384609375 0.5323717953125 0.41923076875 0.534615384375 0.43485576875 0.4262820515625 0.4271634609375 0.40320512812500003 0.40673076874999997 0.3990384609375 0.38798076875 0.46987179531249995 0.40360576875 0.49711538437499997 0.3834134609375 0.4948717953125
0 0.7052884609375 0.7371794875 0.7146634609375 0.76858974375 0.7302884609375 0.8644230765625001 0.7927884609375 0.9227564109375 0.8584134609375 0.9455128203125 0.90360576875 0.953846153125 0.9459134609375001 0.9394230765625 0.9990384609375 0.891346153125 0.9990384609375 0.44294871718750006 0.9865384609375001 0.42211538437499996 0.9552884609375001 0.3929487171875 0.89423076875 0.384615384375 0.85673076875 0.4012820515625 0.8129807687499999 0.43461538437499997 0.76298076875 0.45737179531249994 0.7192307687499999 0.515705128125 0.6973557687499999 0.5602564109375 0.6990384609375 0.703846153125 0.7052884609375 0.7371794875
0 0.6146634609375 0.7121794875 0.5615384609375 0.7080128203125 0.4459134609375 0.7769230765625 0.40985576874999996 0.8394230765625 0.5209134609375 0.8663461531250001 0.5834134609375 0.8330128203125 0.6146634609375 0.7121794875
0 0.5740384609375 0.70608974375 0.55360576875 0.6644230765625 0.4709134609375 0.5852564109375 0.44423076874999995 0.6394230765625 0.5302884609375 0.7269230765625 0.5740384609375 0.70608974375
0 0.36610576875 0.7746794875 0.31610576875 0.8496794875000001 0.3646634609375 0.8352564109375 0.3896634609375 0.8394230765625 0.36610576875 0.7746794875
0 0.5567307687499999 0.878846153125 0.60673076875 0.8769230765625 0.6677884609375 0.8977564109375 0.74110576875 0.9288461531250001 0.7754807687499999 0.93108974375 0.7442307687499999 0.8894230765625 0.7286057687499999 0.8663461531250001 0.7146634609375 0.766346153125 0.6879807687499999 0.7394230765625001 0.6348557687499999 0.7621794875 0.5959134609375 0.8246794875000001 0.52860576875 0.8663461531250001 0.5567307687499999 0.878846153125
0 0.3084134609375 0.8496794875000001 0.3302884609375 0.8102564109375001 0.37235576875 0.7810897437500001 0.4927884609375 0.7227564109375 0.47548076874999995 0.69358974375 0.4427884609375 0.653846153125 0.35673076875 0.6455128203125 0.29735576875 0.7644230765625 0.3052884609375 0.8038461531250001 0.3084134609375 0.8496794875000001
0 0.5723557687499999 0.6330128203125 0.4959134609375 0.578846153125 0.48485576874999997 0.5955128203125 0.55360576875 0.66858974375 0.5723557687499999 0.6330128203125
0 0.4396634609375 0.778846153125 0.5021634609375 0.7455128203125 0.4927884609375 0.7269230765625 0.36923076875 0.7810897437500001 0.38798076875 0.841346153125 0.40985576874999996 0.841346153125 0.4396634609375 0.778846153125
0 0.5271634609375 0.5112179484375 0.5161057687499999 0.4820512828125 0.4677884609375 0.4820512828125 0.47548076874999995 0.515384615625 0.5098557687499999 0.5259615390625 0.5271634609375 0.5112179484375
0 0.3490384609375 0.6445512828125 0.33798076875 0.5676282046875001 0.30048076875 0.5737179484375 0.2459134609375 0.6070512828125 0.2771634609375 0.6320512828125 0.32548076875 0.6009615390625 0.3490384609375 0.6445512828125
0 0.1740384609375 0.590384615625 0.15528846093749998 0.5926282046875 0.13966346093749998 0.6237179484375 0.15048076875 0.640384615625 0.17235576875 0.6237179484375 0.1896634609375 0.6176282046875 0.1740384609375 0.590384615625
0 0.1740384609375 0.7291666671875 0.1459134609375 0.7102564109375 0.10985576875 0.7541666671875 0.08341346093749999 0.8102564109375001 0.20673076875000002 0.825 0.17860576875 0.7602564109375 0.1740384609375 0.7291666671875