0 0.060333332812499994 0.806 0.0696666671875 0.8102499999999999 0.077 0.8089999999999999 0.079 0.806 0.0836666671875 0.8082499999999999 0.07466666718750001 0.817 0.0823333328125 0.8175000000000001 0.0986666671875 0.807 0.10366666718749999 0.799 0.10233333281250001 0.79325 0.0986666671875 0.78725 0.09733333281249999 0.78 0.093 0.7809999999999999 0.0853333328125 0.783 0.0826666671875 0.7895 0.077 0.7889999999999999 0.0733333328125 0.786 0.06833333281250001 0.7889999999999999 0.0656666671875 0.791 0.061 0.7875 0.056999999999999995 0.7895 0.0576666671875 0.8022500000000001 0.060333332812499994 0.806
0 0.3246666671875 0.79725 0.3173333328125 0.7969999999999999 0.31066666718749997 0.8009999999999999 0.2916666671875 0.82025 0.286 0.8320000000000001 0.309 0.8380000000000001 0.325 0.8022500000000001 0.3246666671875 0.79725
0 0.5076666671875001 0.9 0.513 0.9037499999999999 0.5183333328125 0.9039999999999999 0.525 0.9027499999999999 0.5333333328125 0.89975 0.5386666671875 0.8932499999999999 0.5426666671875 0.88825 0.5396666671875 0.8862500000000001 0.5353333328125001 0.8872500000000001 0.526 0.88325 0.514 0.89025 0.514 0.8952500000000001 0.5076666671875001 0.9
0 0.1513333328125 0.74475 0.15 0.748 0.1536666671875 0.752 0.1603333328125 0.757 0.1656666671875 0.757 0.173 0.75975 0.182 0.75825 0.1876666671875 0.754 0.191 0.746 0.1983333328125 0.74825 0.2076666671875 0.74875 0.2076666671875 0.74525 0.2046666671875 0.73975 0.1953333328125 0.738 0.1896666671875 0.74025 0.1846666671875 0.74325 0.1796666671875 0.74375 0.175 0.7422500000000001 0.17433333281250002 0.7382500000000001 0.17133333281250002 0.737 0.16699999999999998 0.738 0.16699999999999998 0.73525 0.1576666671875 0.733 0.1563333328125 0.74 0.1556666671875 0.74425 0.1513333328125 0.74475
0 0.5736666671874999 0.7737499999999999 0.5793333328125 0.779 0.5876666671875 0.78 0.5940000000000001 0.7787499999999999 0.5976666671875 0.776 0.5996666671875001 0.77225 0.5983333328125 0.76875 0.5943333328125 0.76425 0.5876666671875 0.7617499999999999 0.577 0.76425 0.5743333328125 0.768 0.5736666671874999 0.7737499999999999
0 0.304 0.70175 0.3096666671875 0.7070000000000001 0.315 0.70975 0.322 0.71275 0.33366666718750004 0.71575 0.33799999999999997 0.716 0.3653333328125 0.6627500000000001 0.376 0.6425 0.37733333281250003 0.6305 0.382 0.62575 0.39 0.619 0.4033333328125 0.6184999999999999 0.41333333281250006 0.6105 0.4153333328125 0.6 0.4176666671875 0.5900000000000001 0.41600000000000004 0.5860000000000001 0.38533333281250004 0.5855 0.343 0.58175 0.3293333328125 0.58 0.3226666671875 0.59175 0.32 0.60375 0.3153333328125 0.614 0.3133333328125 0.626 0.31 0.6395 0.3086666671875 0.65075 0.30733333281249997 0.6599999999999999 0.307 0.6679999999999999 0.3043333328125 0.67675 0.26433333281250004 0.69075 0.2753333328125 0.692 0.2893333328125 0.69375 0.296 0.69675 0.304 0.70175
0 0.22000000000000003 0.584 0.23199999999999998 0.5835 0.24266666718750002 0.57975 0.24333333281249997 0.57475 0.24533333281249997 0.57175 0.2506666671875 0.568 0.24733333281249997 0.562 0.2443333328125 0.553 0.24266666718750002 0.5455 0.238 0.546 0.22799999999999998 0.548 0.21633333281249997 0.5505 0.20600000000000002 0.55575 0.1953333328125 0.56075 0.184 0.5665 0.1926666671875 0.5780000000000001 0.2073333328125 0.5815 0.22000000000000003 0.584
0 0.37066666718749997 0.6759999999999999 0.3776666671875 0.678 0.383 0.6797500000000001 0.387 0.6745 0.3936666671875 0.6685 0.388 0.66475 0.38366666718750003 0.6597500000000001 0.37966666718750003 0.6515 0.3093333328125 0.6134999999999999 0.28900000000000003 0.6345 0.3586666671875 0.678 0.37066666718749997 0.6759999999999999
0 0.3776666671875 0.63775 0.3786666671875 0.645 0.42433333281249996 0.6585 0.453 0.6599999999999999 0.4556666671875 0.658 0.45366666718750004 0.655 0.45866666718750004 0.6519999999999999 0.4556666671875 0.6497499999999999 0.45199999999999996 0.6475 0.45366666718750004 0.6447499999999999 0.46299999999999997 0.643 0.46699999999999997 0.6407499999999999 0.46266666718750005 0.638 0.4296666671875 0.629 0.38933333281250004 0.622 0.3856666671875 0.627 0.38 0.6295 0.3776666671875 0.63775
0 0.5166666671875 0.64625 0.512 0.6597500000000001 0.5033333328125 0.6685 0.514 0.6715 0.5226666671875 0.66525 0.5306666671875 0.6665 0.5426666671875 0.66325 0.5583333328125 0.6527499999999999 0.5806666671875 0.63575 0.605 0.6155 0.5756666671875 0.59675 0.561 0.6052500000000001 0.5406666671875 0.6235 0.5166666671875 0.64625
0 0.5856666671874999 0.6805 0.607 0.70575 0.6563333328125001 0.74925 0.6950000000000001 0.78825 0.729 0.80575 0.755 0.8074999999999999 0.7636666671875 0.81375 0.7756666671875 0.81125 0.7843333328125001 0.80575 0.78 0.79975 0.772 0.79125 0.7703333328124999 0.78025 0.765 0.7655000000000001 0.7503333328124999 0.7502500000000001 0.7343333328125 0.7355 0.7093333328125 0.7162499999999999 0.6826666671875 0.69575 0.6563333328125001 0.6715 0.6283333328125 0.6487499999999999 0.605 0.6587500000000001 0.5903333328125 0.6695 0.5856666671874999 0.6805
0 0.6950000000000001 0.6755 0.7026666671874999 0.68575 0.7246666671875001 0.71275 0.7586666671875 0.75275 0.7906666671875 0.78925 0.8083333328125001 0.80575 0.827 0.8012499999999999 0.8413333328125001 0.79475 0.8526666671875001 0.78675 0.8646666671875 0.7775000000000001 0.8413333328125001 0.7464999999999999 0.8140000000000001 0.7165 0.7816666671875 0.6832499999999999 0.7453333328125 0.65025 0.7293333328125 0.64225 0.712 0.63425 0.704 0.62625 0.6866666671874999 0.6325000000000001 0.6933333328125 0.64525 0.6926666671875 0.6585 0.6950000000000001 0.6755
0 0.8663333328125 0.9065 0.8960000000000001 0.9015000000000001 0.9143333328125 0.8952500000000001 0.93 0.8855000000000001 0.9289999999999999 0.87375 0.9153333328125 0.8644999999999999 0.8986666671875 0.85925 0.8859999999999999 0.8567500000000001 0.8506666671875 0.86175 0.8426666671874999 0.87225 0.8446666671875 0.8815 0.849 0.8932499999999999 0.8663333328125 0.9065
0 0.96 0.8067500000000001 0.9496666671874999 0.81525 0.9493333328125001 0.8255000000000001 0.951 0.8327500000000001 0.9623333328125 0.84375 0.9800000000000001 0.8535 0.9903333328124999 0.8654999999999999 0.9976666671875 0.8727499999999999 0.9983333328124999 0.78325 0.9786666671875001 0.79025 0.9746666671875 0.79975 0.9693333328125 0.8055 0.96 0.8067500000000001