0 0.2802734375 0.8776041671874999 0.28369140625 0.8912760421874999 0.28857421875 0.900390625 0.35400390625 0.845703125 0.3544921875 0.833984375 0.3505859375 0.81640625 0.345703125 0.8014322921874999 0.33935546875 0.794921875 0.2666015625 0.8209635421874999 0.2705078125 0.8444010421874999 0.27490234375 0.8645833328125001 0.2802734375 0.8776041671874999
0 0.4375 0.4420572921875 0.443359375 0.4524739578125 0.45654296875 0.4518229171875 0.46435546875 0.447265625 0.462890625 0.4296875 0.46484375 0.4173177078125 0.455078125 0.4010416671875 0.43603515625 0.3880208328125 0.4296875 0.3990885421875 0.43408203125 0.423828125 0.4375 0.4420572921875
0 0.751953125 0.4361979171875 0.75146484375 0.400390625 0.748046875 0.3658854171875 0.734375 0.3346354171875 0.7265625 0.333984375 0.71826171875 0.3346354171875 0.70751953125 0.3606770828125 0.70703125 0.373046875 0.70947265625 0.4485677078125 0.70947265625 0.466796875 0.7177734375 0.4791666671875 0.7451171875 0.48046875 0.75048828125 0.4700520828125 0.75244140625 0.4615885421875 0.751953125 0.4361979171875
0 0.32861328125 0.3444010421875 0.3359375 0.3424479171875 0.3505859375 0.3450520828125 0.36328125 0.35546875 0.3671875 0.37109375 0.36474609375 0.3170572921875 0.3564453125 0.3072916671875 0.34716796875 0.3053385421875 0.33984375 0.3072916671875 0.32568359375 0.33984375 0.31884765625 0.3502604171875 0.32861328125 0.3444010421875
0 0.3369140625 0.3977864578125 0.34765625 0.3977864578125 0.35986328125 0.3873697921875 0.3662109375 0.3782552078125 0.3662109375 0.365234375 0.36083984375 0.3567708328125 0.3544921875 0.3509114578125 0.3408203125 0.3450520828125 0.32958984375 0.345703125 0.31884765625 0.3509114578125 0.31640625 0.3665364578125 0.3193359375 0.3763020828125 0.328125 0.390625 0.3369140625 0.3977864578125
0 0.6669921875 0.24544270781250002 0.64892578125 0.23828125 0.63916015625 0.259765625 0.6396484375 0.27734375 0.6611328125 0.2838541671875 0.6787109375 0.2903645828125 0.69775390625 0.2923177078125 0.70751953125 0.2727864578125 0.70654296875 0.2513020828125 0.6806640625 0.248046875 0.6669921875 0.24544270781250002
0 0.73388671875 0.32421875 0.72265625 0.32421875 0.716796875 0.3274739578125 0.71728515625 0.333984375 0.7265625 0.3326822921875 0.734375 0.3333333328125 0.73388671875 0.32421875
0 0.3515625 0.1471354171875 0.36181640625 0.16015625 0.3720703125 0.16015625 0.380859375 0.16015625 0.38916015625 0.1588541671875 0.39501953125 0.15625 0.40966796875 0.1497395828125 0.4267578125 0.1471354171875 0.4248046875 0.1315104171875 0.4130859375 0.12890625 0.40380859375 0.123046875 0.3837890625 0.12109375 0.373046875 0.123046875 0.35791015625 0.12109375 0.3525390625 0.1217447921875 0.34033203125 0.1223958328125 0.3330078125 0.1276041671875 0.3349609375 0.15234375 0.337890625 0.142578125 0.3447265625 0.138671875 0.3515625 0.1471354171875
0 0.380859375 0.115234375 0.3876953125 0.115234375 0.39501953125 0.099609375 0.39892578125 0.09114583281250001 0.40576171875 0.08268229218749999 0.40771484375 0.06770833281250001 0.4111328125 0.060546875 0.4111328125 0.05403645781250001 0.40478515625 0.0475260421875 0.39794921875 0.0462239578125 0.38623046875 0.05208333281250001 0.37890625 0.06380208281250001 0.36767578125 0.07747395781250001 0.3544921875 0.095703125 0.35009765625 0.1145833328125 0.35595703125 0.119140625 0.36962890625 0.1171875 0.380859375 0.115234375
0 0.49365234375 0.091796875 0.5361328125 0.07877604218749999 0.5478515625 0.06901041718749999 0.544921875 0.05859375 0.54150390625 0.048828125 0.52490234375 0.0481770828125 0.48681640625 0.05794270781250001 0.47216796875 0.06315104218749999 0.4775390625 0.07291666718749999 0.4794921875 0.0859375 0.486328125 0.08854166718749999 0.49365234375 0.091796875
0 0.361328125 0.20377604218749998 0.359375 0.21614583281250002 0.37109375 0.22721354218749998 0.3798828125 0.2421875 0.38818359375 0.2421875 0.3896484375 0.1985677078125 0.37744140625 0.1953125 0.361328125 0.1946614578125 0.361328125 0.20377604218749998
0 0.677734375 0.006510417187500001 0.6787109375 0.014322917187500001 0.6845703125 0.0221354171875 0.69482421875 0.0247395828125 0.7197265625 0.0403645828125 0.7265625 0.02734375 0.69775390625 0.006510417187500001 0.68994140625 0.0006510421875 0.677734375 0.006510417187500001