0 0.0945 0.42766666718749996 0.122 0.3996666671875 0.07325000000000001 0.3513333328125 0.040749999999999995 0.3713333328125 0.0945 0.42766666718749996
0 0.24975 0.8686666671875001 0.23975 0.865 0.22725 0.8619999999999999 0.21425 0.8696666671875001 0.20475 0.8786666671875001 0.19824999999999998 0.8906666671875 0.19325 0.9033333328125 0.1915 0.9133333328125 0.193 0.9296666671875 0.199 0.9353333328125 0.21325 0.9433333328125 0.233 0.9436666671875 0.242 0.9386666671875 0.25925 0.9166666671874999 0.26125 0.891 0.257 0.8783333328125 0.24975 0.8686666671875001
0 0.60625 0.4583333328125 0.592 0.44333333281250004 0.5755 0.4446666671875 0.5700000000000001 0.45133333281250004 0.567 0.45133333281250004 0.5627500000000001 0.45866666718750004 0.57075 0.46666666718750005 0.5875 0.48333333281249996 0.59225 0.4886666671875 0.60975 0.496 0.61675 0.4996666671875 0.6292500000000001 0.488 0.62375 0.48333333281249996 0.61525 0.4636666671875 0.60625 0.4583333328125
0 0.42024999999999996 0.362 0.4135 0.393 0.40525 0.41333333281250006 0.40499999999999997 0.42533333281249996 0.41050000000000003 0.4306666671875 0.41600000000000004 0.4413333328125 0.42774999999999996 0.44566666718750003 0.4325 0.43899999999999995 0.43949999999999995 0.4346666671875 0.4575 0.41100000000000003 0.44875 0.393 0.457 0.365 0.44875 0.361 0.43075 0.3613333328125 0.42024999999999996 0.362
0 0.51025 0.7943333328125 0.51925 0.7883333328125001 0.5265 0.7773333328125 0.53325 0.7663333328124999 0.5389999999999999 0.7546666671875 0.5467500000000001 0.7306666671875 0.5507500000000001 0.7243333328125 0.557 0.7106666671874999 0.5605 0.7036666671875 0.5605 0.6839999999999999 0.55725 0.6733333328125 0.5519999999999999 0.6626666671875 0.54325 0.6596666671875 0.53 0.6593333328125001 0.521 0.6626666671875 0.514 0.674 0.5065000000000001 0.6913333328125 0.50325 0.7046666671875 0.49424999999999997 0.7213333328125 0.48525 0.7436666671875 0.48250000000000004 0.78 0.47750000000000004 0.799 0.4995 0.8123333328125 0.5045 0.8046666671875 0.50575 0.799 0.51025 0.7943333328125
0 0.6445000000000001 0.7043333328125 0.6475 0.7056666671875 0.66625 0.6910000000000001 0.6877500000000001 0.6756666671875 0.7112499999999999 0.6586666671875 0.726 0.647 0.7222500000000001 0.643 0.67075 0.6803333328125001 0.64775 0.6993333328125 0.6445000000000001 0.7043333328125
0 0.15725 0.9876666671875001 0.1625 0.9886666671875 0.1625 0.994 0.16575 0.999 0.16875 0.9996666671875 0.21974999999999997 0.9996666671875 0.23525000000000001 0.9766666671875001 0.24775 0.9583333328125001 0.253 0.9453333328125 0.25925 0.9293333328125 0.26425 0.9196666671875 0.26349999999999996 0.916 0.2615 0.9199999999999999 0.26125 0.915 0.2595 0.9176666671874999 0.24225 0.9390000000000001 0.23374999999999999 0.944 0.21400000000000002 0.9443333328125 0.2 0.9359999999999999 0.1935 0.93 0.1905 0.9153333328125 0.17825 0.9386666671875 0.16599999999999998 0.9513333328125 0.16499999999999998 0.9583333328125001 0.14875 0.976 0.152 0.9803333328124999 0.1525 0.9843333328125 0.15725 0.9876666671875001
0 0.25 0.176 0.23925000000000002 0.1803333328125 0.23650000000000002 0.1823333328125 0.22825 0.1806666671875 0.22974999999999998 0.20033333281250001 0.23775 0.20833333281250002 0.244 0.213 0.25925 0.2066666671875 0.26375000000000004 0.1836666671875 0.25775000000000003 0.1786666671875 0.25 0.176
0 0.26175000000000004 0.6980000000000001 0.261 0.6896666671875 0.25525000000000003 0.6843333328125001 0.251 0.6883333328125001 0.24700000000000003 0.6873333328125 0.24425 0.6856666671875 0.23825 0.692 0.24325000000000002 0.7026666671874999 0.24674999999999997 0.7150000000000001 0.26225 0.736 0.268 0.733 0.26625 0.7066666671874999 0.25725 0.6993333328125 0.26175000000000004 0.6980000000000001
0 0.5165 0.4493333328125 0.5287499999999999 0.453 0.54525 0.4566666671875 0.5595892859375 0.45640476249999995 0.55975 0.4836666671875 0.561509615625 0.47912820468749995 0.561375 0.479 0.5620961531249999 0.47761538437500006 0.5619166671875 0.47744444374999995 0.5626826921875 0.4761025640625 0.5624583328125 0.47588888906250004 0.56326923125 0.47458974375 0.563 0.4743333328125 0.56385576875 0.47307692343749996 0.5635416671875 0.47277777812500005 0.5644423078125 0.47156410312499997 0.565028846875 0.47005128125000006 0.564625 0.46966666718749994 0.565615384375 0.4685384609375 0.5651666671875 0.4681111109375 0.5662019234375 0.467025640625 0.5657083328125 0.46655555625 0.5667884609375 0.46551282031249996 0.5662499999999999 0.465 0.567375 0.46399999999999997 0.5667916671875 0.46344444375 0.5673333328125 0.4618888890625 0.5679615390625 0.4624871796875 0.5685480765625 0.46097435937500003 0.567875 0.4603333328125 0.5684166671875001 0.458777778125 0.569134615625 0.4594615390625 0.5697211531249999 0.45794871875 0.5689583328125 0.45722222187500006 0.5695 0.4556666671875 0.5703076921875 0.45643589687499997 0.5708942312499999 0.45492307656250003 0.5700416671874999 0.45411111093749995 0.57148076875 0.45341025625000003 0.5705833328125001 0.45255555625 0.571125 0.45099999999999996 0.5720673078125 0.4518974359375 0.572653846875 0.450384615625 0.5716666671875 0.44944444375000003 0.573240384375 0.4488717953125 0.5722083328124999 0.4478888890625 0.5719583328125 0.4468888890625 0.57275 0.4463333328125 0.5738269234375 0.44735897500000005 0.5744134609375 0.4458461546875 0.5738749999999999 0.4453333328125 0.573375 0.44400000000000006 0.57393814375 0.443450171875 0.575 0.4443333328125 0.5747916671875 0.4411111109375 0.57975 0.43099999999999994 0.5835 0.409 0.58375 0.3916666671875 0.58075 0.3903333328125 0.57675 0.377 0.57125 0.36633333281249997 0.5599999999999999 0.3536666671875 0.54825 0.346 0.53275 0.3383333328125 0.522 0.3363333328125 0.5115000000000001 0.3376666671875 0.50125 0.341 0.487 0.34700000000000003 0.4794329890625 0.364848796875 0.472 0.3586666671875 0.46275000000000005 0.36633333281249997 0.45875000000000005 0.3633333328125 0.45075000000000004 0.38881481406249996 0.44975 0.392 0.46825 0.42433333281249996 0.503 0.4376666671875 0.5165 0.4493333328125
0 0.28250000000000003 0.48333333281249996 0.28450000000000003 0.47400000000000003 0.27875 0.472 0.27675 0.46399999999999997 0.254 0.4563333328125 0.25125000000000003 0.47000000000000003 0.24300000000000002 0.47133333281249995 0.24525000000000002 0.4796666671875 0.24425 0.49000000000000005 0.24500000000000002 0.5233333328125 0.26025 0.5206666671875 0.29100000000000004 0.5246666671875 0.29175 0.5066666671875 0.28250000000000003 0.48333333281249996
0 0.8102499999999999 0.8173333328125001 0.7967500000000001 0.8066666671875 0.7795 0.7776666671875 0.77625 0.794 0.77675 0.8130000000000001 0.799 0.8310000000000001 0.8157500000000001 0.858 0.81975 0.8506666671875 0.819 0.8346666671875 0.8102499999999999 0.8173333328125001
0 0.817 0.7563333328125 0.8314999999999999 0.778 0.8385 0.7353333328125 0.79475 0.7266666671875 0.80575 0.751 0.817 0.7563333328125
0 0.1955 0.6056666671875 0.18675 0.602 0.17575000000000002 0.604 0.16825 0.6183333328125 0.17475000000000002 0.632 0.1825 0.632 0.193 0.6393333328125 0.19824999999999998 0.6343333328125 0.20224999999999999 0.6173333328124999 0.1955 0.6056666671875
0 0.1825 0.37333333281250003 0.17250000000000001 0.3723333328125 0.17275000000000001 0.37933333281250003 0.1675 0.3806666671875 0.161 0.3696666671875 0.155 0.372 0.14650000000000002 0.36666666718749996 0.13075 0.3723333328125 0.12575 0.38166666718750003 0.11374999999999999 0.3866666671875 0.11674999999999999 0.4073333328125 0.13174999999999998 0.4096666671875 0.13274999999999998 0.42433333281249996 0.14575 0.4296666671875 0.151 0.4176666671875 0.16725 0.4086666671875 0.1765 0.4063333328125 0.18325 0.3963333328125 0.17925 0.3896666671875 0.18375 0.383 0.18875 0.3763333328125 0.185 0.362 0.17525 0.3616666671875 0.16999999999999998 0.364 0.17024999999999998 0.3676666671875 0.177 0.365 0.18325 0.36666666718749996 0.1825 0.37333333281250003
0 0.16899999999999998 0.38166666718750003 0.17450000000000002 0.379 0.18375 0.361 0.1765 0.3426666671875 0.14850000000000002 0.36666666718749996 0.155 0.3723333328125 0.162 0.3696666671875 0.16899999999999998 0.38166666718750003
0 0.28525 0.1716666671875 0.27625 0.1676666671875 0.26825 0.177 0.27949999999999997 0.186 0.28625 0.197 0.30025 0.20033333281250001 0.2975 0.19966666718749998 0.30975 0.1793333328125 0.3065 0.16299999999999998 0.288 0.1616666671875 0.28525 0.1716666671875
0 0.38075000000000003 0.9033333328125 0.36675 0.9183333328125001 0.357 0.9233333328125 0.34875 0.945 0.34075 0.9683333328125 0.393 0.9693333328125 0.39225 0.9266666671875001 0.3835 0.9266666671875001 0.38075000000000003 0.9033333328125
0 0.42575 0.7583333328124999 0.441 0.751 0.44175000000000003 0.7436666671875 0.45199999999999996 0.7353333328125 0.44975 0.7466666671875 0.4545 0.7466666671875 0.45899999999999996 0.7303333328125 0.475 0.7046666671875 0.476 0.6990000000000001 0.47275 0.6963333328125 0.472 0.6910000000000001 0.47450000000000003 0.6849999999999999 0.47300000000000003 0.679 0.46925 0.6849999999999999 0.45975 0.6986666671874999 0.44375 0.716 0.43 0.7273333328125 0.4185 0.736 0.41574999999999995 0.7346666671875 0.40599999999999997 0.743 0.381 0.759 0.37324999999999997 0.761 0.3645 0.7653333328125 0.366 0.7776666671875 0.40275 0.7823333328125 0.40625 0.7763333328125 0.4255 0.7656666671875 0.42575 0.7583333328124999
0 0.2585 0.585 0.24425 0.6063333328125 0.24575 0.628 0.27975 0.6396666671875 0.29300000000000004 0.621 0.27575 0.5843333328125 0.2585 0.585
0 0.50125 0.5686666671875 0.538 0.6276666671875 0.5429999999999999 0.6543333328125 0.56925 0.6826666671875 0.5825 0.6963333328125 0.59875 0.6686666671875 0.596 0.6696666671875 0.5894999999999999 0.626 0.57075 0.5713333328125 0.5305 0.5403333328125 0.50125 0.5686666671875
0 0.71375 0.716 0.7190000000000001 0.7173333328125 0.71825 0.6996666671875 0.713 0.6993333328125 0.71375 0.716
0 0.51475 0.595 0.513 0.5900000000000001 0.506 0.595 0.50875 0.5980000000000001 0.51475 0.595
0 0.2915 0.7863333328125 0.2875 0.7916666671875 0.2945 0.798 0.30525 0.7873333328125 0.2975 0.78 0.2915 0.7863333328125
0 0.20950000000000002 0.479 0.22025 0.4846666671875 0.21974999999999997 0.4733333328125 0.21200000000000002 0.4733333328125 0.20975000000000002 0.47133333281249995 0.20950000000000002 0.479
0 0.0505 0.8203333328125 0.02975 0.8103333328125 0.013000000000000001 0.8153333328124999 0.016 0.8486666671875 0.041249999999999995 0.8789999999999999 0.0595 0.8596666671875001 0.08425 0.8230000000000001 0.058499999999999996 0.8126666671875 0.0505 0.8203333328125
0 0.48 0.8783333328125 0.5002500000000001 0.8763333328125 0.51525 0.8546666671875001 0.52975 0.835 0.5385 0.8306666671875 0.53075 0.8130000000000001 0.523 0.8119999999999999 0.497 0.8276666671875 0.47925000000000006 0.8206666671875 0.45599999999999996 0.8286666671875 0.44425 0.8539999999999999 0.41550000000000004 0.865 0.41224999999999995 0.8796666671875 0.39849999999999997 0.8939999999999999 0.3935 0.9153333328125 0.40325 0.923 0.42874999999999996 0.9083333328125001 0.44349999999999995 0.9019999999999999 0.4565 0.8720000000000001 0.45899999999999996 0.8683333328125 0.48 0.8783333328125
0 0.25725 0.9523333328125 0.25875 0.9566666671874999 0.2555 0.9726666671875 0.26125 0.9720000000000001 0.2615 0.9800000000000001 0.26825 0.9773333328125 0.27175 0.9663333328125001 0.26925 0.9566666671874999 0.25725 0.9523333328125