0 0.4186666671875 0.466 0.426 0.46025 0.43 0.45025000000000004 0.42400000000000004 0.44225000000000003 0.3713333328125 0.42824999999999996 0.3613333328125 0.42800000000000005 0.3533333328125 0.437 0.3493333328125 0.45025000000000004 0.3553333328125 0.4585 0.4186666671875 0.466
0 0.10800000000000001 0.64025 0.1626666671875 0.63325 0.21033333281250002 0.617 0.25166666718749997 0.5865 0.2743333328125 0.5627500000000001 0.27599999999999997 0.53825 0.259 0.513 0.2463333328125 0.4965 0.22400000000000003 0.489 0.1863333328125 0.48025 0.1706666671875 0.481 0.15 0.4845 0.1273333328125 0.4845 0.0816666671875 0.49349999999999994 0.0586666671875 0.5117499999999999 0.0003333328125 0.5335 0.001 0.6457499999999999 0.064 0.64375 0.10800000000000001 0.64025
0 0.6153333328125 0.5117499999999999 0.6593333328125001 0.523 0.7033333328125 0.529 0.762 0.47750000000000004 0.754 0.4505 0.712 0.44875 0.6599999999999999 0.44975 0.6233333328125 0.44749999999999995 0.61 0.44375 0.5973333328125 0.45125000000000004 0.6026666671875 0.45625 0.5846666671875 0.466 0.5826666671875 0.48550000000000004 0.5926666671875 0.50175 0.6153333328125 0.5117499999999999
0 0.8866666671875001 0.41950000000000004 0.9349999999999999 0.41950000000000004 0.992 0.40475000000000005 0.9996666671875 0.39849999999999997 0.9996666671875 0.3675 0.9096666671875001 0.38849999999999996 0.8956666671875 0.3935 0.874 0.39675 0.8666666671875 0.4035 0.843 0.403 0.807 0.39849999999999997 0.7676666671875 0.42800000000000005 0.7793333328125 0.4405 0.7956666671875 0.43025 0.8286666671875 0.43975 0.8866666671875001 0.41950000000000004
0 0.882 0.31 0.8433333328125 0.31275 0.834 0.346 0.8846666671875001 0.33999999999999997 0.8866666671875001 0.32225000000000004 0.882 0.31
0 0.9099999999999999 0.37 0.8946666671875001 0.37 0.89 0.39325 0.9286666671875 0.38325 0.9313333328125 0.377 0.9099999999999999 0.37
0 0.3333333328125 0.38849999999999996 0.322 0.38575 0.302 0.39 0.3166666671875 0.4125 0.3493333328125 0.39825 0.3493333328125 0.3875 0.3333333328125 0.38849999999999996
0 0.5253333328124999 0.7665 0.536 0.82125 0.7643333328125 0.746 0.764 0.71 0.5253333328124999 0.7665
0 0.14466666718750001 0.73675 0.1306666671875 0.72825 0.11399999999999999 0.73275 0.10333333281249998 0.73925 0.1086666671875 0.76 0.1286666671875 0.7595 0.1426666671875 0.75325 0.14466666718750001 0.73675
0 0.2006666671875 0.70675 0.19 0.6992499999999999 0.16399999999999998 0.70175 0.161 0.7255 0.183 0.7275 0.20233333281250002 0.7162499999999999 0.2006666671875 0.70675
0 0.0033333328125 0.8322499999999999 0 0.899 0.0453333328125 0.8480000000000001 0.0033333328125 0.8322499999999999