0 0.9993872546875 0.105800653125 0.9954044124999999 0.10253267968749999 0.99448529375 0.1078431375 0.9993872546875 0.11356209218749999 0.9993872546875 0.105800653125
0 0.8305759796875 0.21650326875 0.8370098046875001 0.2103758171875 0.83823529375 0.2173202609375 0.8446691171875 0.2181372546875 0.8532475484375001 0.19771241875 0.8489583328125001 0.1936274515625 0.8416053921875 0.1985294125 0.8391544124999999 0.1936274515625 0.8247549015625 0.196486928125 0.809742646875 0.1952614375 0.8014705875000001 0.19607843125 0.7947303921875 0.195669934375 0.7846200984375 0.2030228765625 0.808210784375 0.23284313750000002 0.8351715687500001 0.2344771234375 0.8345588234375001 0.221405228125 0.8305759796875 0.21650326875
0 0.9077818625 0.2111928109375 0.8995098046875001 0.2107843140625 0.8998161765624999 0.2193627453125 0.9044117640625 0.222222221875 0.9080882359375 0.2201797390625 0.9077818625 0.2111928109375
0 0.5919117640625 0.3733660125 0.6118259796875 0.3921568625 0.6204044125 0.390931371875 0.6323529406249999 0.3766339875 0.6513480390625 0.3611111109375 0.659313725 0.348856209375 0.6397058828125 0.3235294125 0.626225490625 0.311274509375 0.6029411765625 0.33047385625 0.58363970625 0.348856209375 0.5845588234375 0.3594771234375 0.5903799015625 0.3631535953125 0.5919117640625 0.3733660125
0 0.64613970625 0.31535947656249996 0.643382353125 0.31004902031250003 0.6369485296875 0.320669934375 0.6415441171875 0.32475490156250003 0.64613970625 0.31535947656249996
0 0.812806371875 0.85702614375 0.81801470625 0.8533496734374999 0.816789215625 0.8455882359375 0.80851715625 0.8296568625 0.80085784375 0.82883986875 0.7977941171875 0.8353758171875001 0.8063725484375001 0.8533496734374999 0.812806371875 0.85702614375
0 0.11488970624999999 0.7263071890624999 0.1072303921875 0.7001633984375 0.09926470625 0.7022058828125 0.1084558828125 0.731617646875 0.11335784374999999 0.731617646875 0.11488970624999999 0.7263071890624999
0 0.1985294125 0.6760620921875 0.17493872500000002 0.6732026140625 0.17279411718749998 0.6825980390625 0.1969975484375 0.6846405234375 0.1985294125 0.6760620921875
0 0.2922794125 0.5330882359375 0.28676470625 0.52736928125 0.2732843140625 0.546568628125 0.2763480390625 0.5551470593750001 0.280943628125 0.552696078125 0.2922794125 0.5330882359375
0 0.33976715625 0.4791666671875 0.332414215625 0.48120915000000003 0.33823529375 0.49673202656250004 0.3455882359375 0.49223856250000003 0.33976715625 0.4791666671875
0 0.9993872546875 0.0608660125 0.9993872546875 0.0567810453125 0.983149509375 0.053513071875 0.9822303921875 0.0584150328125 0.9993872546875 0.0608660125
0 0.905943628125 0.1299019609375 0.8979779406249999 0.125 0.8897058828125 0.1372549015625 0.8854166671874999 0.140931371875 0.890931371875 0.1458333328125 0.906556371875 0.1486928109375 0.9114583328125001 0.14215686249999998 0.905943628125 0.1299019609375
0 0.5291053921875 0.455882353125 0.52726715625 0.44934640468750003 0.5245098046875001 0.44607843125 0.5131740203125 0.44934640468750003 0.512561275 0.45751634062499996 0.5174632359375 0.4595588234375 0.5291053921875 0.455882353125
0 0.3265931375 0.653594771875 0.3302696078125 0.6486928109375001 0.332414215625 0.6564542484375 0.34129902031250003 0.661356209375 0.34129902031250003 0.6666666671875 0.37162990156250003 0.6650326796875 0.3915441171875 0.6388888890625 0.4209558828125 0.643382353125 0.4224877453125 0.63521241875 0.437193628125 0.6384803921875 0.437806371875 0.634395425 0.4298406859375 0.6209150328125 0.440257353125 0.6045751640625 0.4393382359375 0.5947712421875 0.4270833328125 0.598039215625 0.40870097968749997 0.604983659375 0.3759191171875 0.622957515625 0.35600490156250003 0.6311274515624999 0.3514093140625 0.614379084375 0.3529411765625 0.60702614375 0.34742647031249996 0.6017156859375 0.3342524515625 0.6013071890624999 0.3290441171875 0.6045751640625 0.32414215625 0.5931372546875 0.299632353125 0.6078431375 0.3109681375 0.6221405234375 0.31587009843749997 0.633986928125 0.3232230390625 0.6360294125 0.3265931375 0.653594771875