0 0.304276315625 0.7072499999999999 0.28728070156249996 0.7105 0.290570175 0.7135 0.3075657890625 0.7112499999999999 0.304276315625 0.7072499999999999
0 0.5685307015625 0.6615 0.5422149125 0.6655 0.5455043859375001 0.669 0.570723684375 0.66525 0.5685307015625 0.6615
0 0.1748903515625 0.658 0.16173245625 0.6565000000000001 0.151864034375 0.65675 0.149671053125 0.65925 0.1748903515625 0.661 0.1748903515625 0.658
0 0.366776315625 0.6965 0.366776315625 0.692 0.3744517546875 0.6815 0.3744517546875 0.673 0.3799342109375 0.669 0.370614034375 0.6685 0.3700657890625 0.6799999999999999 0.361293859375 0.6935 0.3591008765625 0.69725 0.366776315625 0.6965
0 0.8283991234375 0.5995 0.8201754390625 0.605 0.8283991234375 0.60775 0.83662280625 0.602 0.8283991234375 0.5995
0 0.1924342109375 0.71325 0.19956140312499998 0.709 0.179276315625 0.7045 0.1748903515625 0.7075 0.1924342109375 0.71325
0 0.747258771875 0.6205 0.752741228125 0.6255 0.7763157890625 0.62275 0.7752192984375 0.62025 0.747258771875 0.6205
0 0.77741228125 0.6655 0.7796052625 0.6685 0.8059210531250001 0.6667500000000001 0.8059210531250001 0.6635 0.77741228125 0.6655
0 0.959429825 0.5285 0.94298245625 0.5309999999999999 0.9479166671874999 0.5335 0.96162280625 0.53175 0.959429825 0.5285
0 0.8223684203125 0.58875 0.8157894734375001 0.5872499999999999 0.80866228125 0.59375 0.8141447375 0.59575 0.8223684203125 0.58875
0 0.6639254390625 0.602 0.6743421046875 0.61 0.70394736875 0.616 0.71491228125 0.621 0.7697368421874999 0.6085 0.7653508765625 0.60375 0.7713815796875 0.602 0.73519736875 0.58 0.7297149125 0.5820000000000001 0.7182017546874999 0.57775 0.6557017546874999 0.5855 0.66173245625 0.59225 0.6595394734375 0.5974999999999999 0.6639254390625 0.602
0 0.580043859375 0.58575 0.5619517546874999 0.6002500000000001 0.62116228125 0.59275 0.629385965625 0.5845 0.59375 0.58375 0.580043859375 0.58575