0 0.18 0.27475 0.16299999999999998 0.26175000000000004 0.1426666671875 0.2555 0.1146666671875 0.26575000000000004 0.1146666671875 0.2855 0.1376666671875 0.29425 0.16599999999999998 0.29125 0.18 0.27475
0 0.5573333328125 0.08575 0.636 0.056999999999999995 0.6599999999999999 0.0715 0.6713333328125 0.09275 0.6866666671874999 0.09325 0.7849999999999999 0.03575 0.7733333328125 0.02975 0.7136666671875 0.056999999999999995 0.6809999999999999 0.05675 0.6656666671875 0.04775 0.6233333328125 0.0445 0.537 0.08549999999999999 0.542 0.09575 0.5536666671875 0.08775 0.5573333328125 0.08575
0 0.7889999999999999 0.040749999999999995 0.8363333328125 0.01075 0.782 0.01 0.7283333328125 0.027500000000000004 0.7366666671875 0.0385 0.7626666671875 0.043 0.7889999999999999 0.040749999999999995
0 0.795 0.1775 0.8099999999999999 0.19424999999999998 0.8246666671874999 0.20249999999999999 0.8833333328125 0.20125 0.8916666671875 0.185 0.8916666671875 0.158 0.8933333328125 0.126 0.8873333328124999 0.11925 0.85 0.1075 0.8356666671875 0.11425 0.819 0.1265 0.8146666671875 0.1355 0.7929999999999999 0.16 0.795 0.1775
0 0.9243333328125001 0.29900000000000004 0.9393333328125 0.277 0.9133333328125 0.23349999999999999 0.8866666671875001 0.2125 0.837 0.1955 0.8109999999999999 0.1955 0.7956666671875 0.21775000000000003 0.8386666671875 0.24674999999999997 0.898 0.29025 0.9243333328125001 0.29900000000000004
0 0.7993333328125 0.25025 0.8013333328125001 0.22799999999999998 0.7903333328125 0.21400000000000002 0.7593333328125 0.20099999999999998 0.7266666671875 0.20125 0.7166666671875 0.21775000000000003 0.7166666671875 0.24125000000000002 0.765 0.25575000000000003 0.7993333328125 0.25025
0 0.6906666671874999 0.23349999999999999 0.7196666671874999 0.244 0.7346666671875 0.23700000000000002 0.718 0.22725 0.704 0.21349999999999997 0.6839999999999999 0.20725 0.665 0.20625 0.6506666671875 0.21825 0.6333333328124999 0.21400000000000002 0.62 0.21375000000000002 0.6263333328125 0.22075 0.6446666671875 0.23525000000000001 0.6726666671875 0.2205 0.6966666671875 0.22225 0.6906666671874999 0.23349999999999999
0 0.8406666671874999 0.6995 0.8606666671875001 0.67475 0.8456666671875 0.64175 0.8253333328125001 0.606 0.7823333328125 0.605 0.761 0.61775 0.773 0.663 0.796 0.70075 0.8406666671874999 0.6995
0 0.9933333328125 0.41950000000000004 0.9816666671875 0.41375 0.8960000000000001 0.44275000000000003 0.9276666671875 0.49474999999999997 0.9953333328125 0.46900000000000003 0.9933333328125 0.41950000000000004
0 0.8246666671874999 0.5635 0.8323333328125001 0.57525 0.845 0.5685 0.8663333328125 0.51025 0.8733333328124999 0.45675 0.8736666671875 0.42275 0.858 0.42525 0.8526666671875001 0.4575 0.8496666671875 0.5065000000000001 0.8246666671874999 0.5635
0 0.5706666671875 0.53525 0.5246666671875 0.4915 0.5153333328125 0.49325 0.5356666671875 0.5287499999999999 0.5603333328125 0.5417500000000001 0.5706666671875 0.53525
0 0.67 0.26549999999999996 0.6813333328125 0.24625 0.6686666671875 0.24300000000000002 0.6563333328125001 0.25425 0.6443333328125 0.25825 0.6 0.2585 0.6076666671875001 0.27825 0.626 0.28500000000000003 0.67 0.26549999999999996
0 0.2176666671875 0.49275 0.207 0.485 0.188 0.48425 0.1766666671875 0.488 0.17633333281250002 0.503 0.1946666671875 0.5085 0.22033333281249998 0.5037499999999999 0.2176666671875 0.49275
0 0.3253333328125 0.932 0.33999999999999997 0.913 0.3343333328125 0.9047499999999999 0.31966666718750003 0.8952500000000001 0.3056666671875 0.8965 0.2966666671875 0.90525 0.292 0.914 0.2926666671875 0.923 0.303 0.9327500000000001 0.3253333328125 0.932