0 0.95263671875 0.5924479171875 0.958984375 0.5696614578125 0.93896484375 0.5403645828125 0.92333984375 0.5130208328125 0.90576171875 0.48828125 0.8935546875 0.4713541671875 0.86669921875 0.486328125 0.873046875 0.515625 0.8935546875 0.552734375 0.912109375 0.583984375 0.927734375 0.6048177078125 0.95263671875 0.5924479171875
0 0.21240234375 0.7584635421875 0.21044921875 0.7819010421875 0.1826171875 0.8151041671874999 0.17138671875 0.8444010421874999 0.18896484375 0.8463541671874999 0.22021484375 0.8170572921874999 0.24658203125 0.7981770828125 0.27490234375 0.7734375 0.310546875 0.7194010421875 0.30419921875 0.6796875 0.28271484375 0.6751302078125 0.21240234375 0.7584635421875
0 0.556640625 0.4524739578125 0.525390625 0.498046875 0.5380859375 0.5149739578125 0.5693359375 0.4713541671875 0.5849609375 0.4694010421875 0.60693359375 0.4401041671875 0.63037109375 0.4108072921875 0.61767578125 0.3899739578125 0.60205078125 0.3899739578125 0.5693359375 0.4251302078125 0.556640625 0.4524739578125
0 0.29833984375 0.4420572921875 0.28076171875 0.435546875 0.26708984375 0.4524739578125 0.263671875 0.4817708328125 0.25732421875 0.5149739578125 0.25146484375 0.5631510421875 0.248046875 0.58984375 0.26708984375 0.5983072921875 0.28564453125 0.5963541671875 0.2998046875 0.5859375 0.2998046875 0.5234375 0.302734375 0.4921875 0.30419921875 0.462890625 0.29833984375 0.4420572921875
0 0.587890625 0.3815104171875 0.61767578125 0.3776041671875 0.626953125 0.3606770828125 0.64599609375 0.3548177078125 0.64892578125 0.333984375 0.63330078125 0.3274739578125 0.61767578125 0.3131510421875 0.5771484375 0.2981770828125 0.533203125 0.2897135421875 0.52099609375 0.3313802078125 0.52099609375 0.3606770828125 0.5537109375 0.3776041671875 0.587890625 0.3815104171875
0 0.76220703125 0.5045572921875 0.74658203125 0.5149739578125 0.716796875 0.5110677078125 0.71826171875 0.5319010421875 0.748046875 0.5397135421875 0.76220703125 0.5546875 0.78271484375 0.556640625 0.83544921875 0.5501302078125 0.83740234375 0.5234375 0.826171875 0.5045572921875 0.76220703125 0.5045572921875
0 0.48779296875 0.583984375 0.47412109375 0.5377604171875 0.455078125 0.5026041671875 0.42236328125 0.5084635421875 0.42236328125 0.556640625 0.43798828125 0.6126302078125 0.4677734375 0.6048177078125 0.48779296875 0.583984375
0 0.85888671875 0.77734375 0.8388671875 0.7838541671875 0.841796875 0.80859375 0.85595703125 0.8235677078125001 0.873046875 0.8151041671874999 0.873046875 0.7897135421875 0.85888671875 0.77734375
0 0.6318359375 0.4791666671875 0.6474609375 0.47265625 0.6396484375 0.4544270828125 0.6240234375 0.4602864578125 0.6318359375 0.4791666671875
0 0.67626953125 0.7291666671875 0.67138671875 0.689453125 0.669921875 0.654296875 0.65283203125 0.6393229171875 0.6279296875 0.6438802078125 0.6357421875 0.69140625 0.63427734375 0.74609375 0.669921875 0.751953125 0.67626953125 0.7291666671875
0 0.697265625 0.4811197921875 0.68505859375 0.5 0.70068359375 0.5123697921875 0.712890625 0.49609375 0.697265625 0.4811197921875
0 0.06982421875 0.4375 0.07177734375 0.4791666671875 0.091796875 0.470703125 0.13232421875 0.4622395828125 0.14794921875 0.4544270828125 0.14990234375 0.4127604171875 0.12646484375 0.4186197921875 0.1044921875 0.4231770828125 0.06982421875 0.4375
0 0.28955078125 0.3502604171875 0.251953125 0.3684895828125 0.23974609375 0.3815104171875 0.22412109375 0.3919270828125 0.2333984375 0.4127604171875 0.25048828125 0.41015625 0.28173828125 0.404296875 0.33349609375 0.3873697921875 0.3271484375 0.3541666671875 0.3115234375 0.345703125 0.28955078125 0.3502604171875
0 0.287109375 0.27734375 0.2529296875 0.2565104171875 0.23583984375 0.248046875 0.21826171875 0.248046875 0.224609375 0.279296875 0.24951171875 0.3001302078125 0.271484375 0.3125 0.287109375 0.3040364578125 0.287109375 0.27734375
0 0.181640625 0.1686197921875 0.1943359375 0.1875 0.21630859375 0.1627604171875 0.21923828125 0.1393229171875 0.20361328125 0.1438802078125 0.181640625 0.1686197921875
0 0.09521484375 0.08268229218749999 0.11376953125 0.08528645781250001 0.15283203125 0.08072916718749999 0.154296875 0.05989583281250001 0.13232421875 0.05598958281250001 0.107421875 0.064453125 0.09521484375 0.08268229218749999