0 0.2549603171875 0.053571428125 0.259259259375 0.053075396875 0.2615740734375 0.0481150796875 0.259259259375 0.0376984125 0.2519841265625 0.0300099203125 0.2486772484375 0.031498015625 0.2503306875 0.0453869046875 0.2549603171875 0.053571428125
0 0.41203703750000004 0.12475198437499999 0.415674603125 0.118303571875 0.4113756609375 0.11507936562500001 0.39748677187500003 0.12475198437499999 0.3978174609375 0.130704365625 0.4011243390625 0.131200396875 0.41203703750000004 0.12475198437499999
0 0.3363095234375 0.23115079375 0.34358465625 0.23511904687500002 0.3511904765625 0.234126984375 0.35350529062499997 0.22867063437500001 0.3488756609375 0.2242063484375 0.32903439218749997 0.21875 0.322089946875 0.221726190625 0.3263888890625 0.22619047656250002 0.3363095234375 0.23115079375
0 0.5234788359375 0.3415178578125 0.5300925921874999 0.3415178578125 0.5390211640625 0.3415178578125 0.54332010625 0.3387896828125 0.54332010625 0.3353174609375 0.5386904765625 0.33506944375000003 0.521494709375 0.3353174609375 0.5171957671875 0.338045634375 0.5168650796875001 0.341269840625 0.5234788359375 0.3415178578125
0 0.49768518593750005 0.3489583328125 0.4996693125 0.3454861109375 0.4996693125 0.338045634375 0.49801587343750003 0.3330853171875 0.49404761875 0.3320932546875 0.4897486765625 0.34375 0.490740740625 0.3487103171875 0.49768518593750005 0.3489583328125
0 0.615079365625 0.3479662703125 0.609788359375 0.346478175 0.5982142859375 0.3449900796875 0.5985449734375 0.353174603125 0.6084656078124999 0.3544146828125 0.615079365625 0.3479662703125
0 0.046957671875 0.44097222187499996 0.057870370312499995 0.44593253906249997 0.065145503125 0.44940476250000005 0.06944444375 0.450148809375 0.071428571875 0.44717261875 0.06944444375 0.44146825468750006 0.0519179890625 0.434771825 0.0479497359375 0.434771825 0.044312168750000006 0.43824404687499996 0.046957671875 0.44097222187499996
0 0.4890873015625 0.30133928593750003 0.48115079375 0.30133928593750003 0.4742063484375 0.30282738125 0.471891534375 0.306299603125 0.477513228125 0.306795634375 0.4917328046875 0.306795634375 0.4947089953125 0.3053075390625 0.4923941796875 0.30282738125 0.4890873015625 0.30133928593750003
0 0.359126984375 0.37847222187499996 0.362103175 0.3802083328125 0.365740740625 0.377728175 0.36375661406250004 0.37450396874999997 0.35548941875 0.3670634921875 0.3511904765625 0.3695436515625 0.35615079375 0.3732638890625 0.359126984375 0.37847222187499996
0 0.43981481406249995 0.434523809375 0.43518518593750005 0.43948412656249997 0.43022486718749997 0.444196428125 0.4249338625 0.4541170640625 0.42394179843749996 0.45907738125 0.4232804234375 0.47197420625 0.42559523749999995 0.4769345234375 0.42890211562499997 0.48115079375 0.4242724875 0.484126984375 0.4265873015625 0.5047123015625 0.422288359375 0.528769840625 0.42261904687499996 0.54365079375 0.41997354531250003 0.5535714281249999 0.41765872968749995 0.5607638890625 0.421626984375 0.5691964281249999 0.421626984375 0.5734126984375 0.43518518593750005 0.575644840625 0.43981481406249995 0.5731646828125 0.4421296296875 0.5758928578125 0.4507275125 0.577876984375 0.45701058124999994 0.57862103125 0.46296296249999996 0.578373015625 0.466269840625 0.575396825 0.471560846875 0.575644840625 0.48115079375 0.5744047625 0.484457671875 0.568204365625 0.484457671875 0.5625 0.4834656078125 0.5520833328125 0.4834656078125 0.5396825390625 0.484457671875 0.527777778125 0.4854497359375 0.5101686515625 0.4854497359375 0.497271825 0.4831349203125 0.48859127031250005 0.48148148125 0.48363095312500004 0.4854497359375 0.47569444375 0.484457671875 0.465773809375 0.48379629687500003 0.4583333328125 0.48115079375 0.4516369046875 0.4761904765625 0.4439484125 0.47288359843750005 0.43973214218749995 0.471560846875 0.43353174531249994 0.471560846875 0.42559523749999995 0.46792327968749997 0.419146825 0.446428571875 0.41790674531249994 0.44146825468750006 0.424355159375 0.440476190625 0.43030753906249997 0.43981481406249995 0.434523809375
0 0.12466931249999999 0.6421130953125 0.1203703703125 0.6396329359374999 0.1137566140625 0.637648809375 0.11276455 0.634424603125 0.110119046875 0.6321924609375 0.10813492031250001 0.634920634375 0.11838624375 0.650049603125 0.12367724843750001 0.6495535718750001 0.127976190625 0.646825396875 0.12466931249999999 0.6421130953125
0 0.5264550265625 0.715773809375 0.546957671875 0.7199900796875001 0.5486111109375 0.7175099203124999 0.549603175 0.7132936515625 0.5049603171875 0.7016369046875 0.5046296296875 0.7095734125 0.5145502640624999 0.7132936515625 0.5264550265625 0.715773809375
0 0.6210317453124999 0.6361607140625 0.6240079359374999 0.6334325390625 0.622354496875 0.6297123015625 0.6114417984375 0.6173115078125 0.6078042328125 0.6145833328125 0.6028439156250001 0.6175595234375 0.6084656078124999 0.627728175 0.6144179890625 0.634920634375 0.6210317453124999 0.6361607140625
0 0.3452380953125 0.7857142859375 0.35052910000000004 0.78174603125 0.3501984125 0.7790178578125 0.322420634375 0.78447420625 0.3230820109375 0.7896825390625 0.33068783125 0.7876984125 0.3452380953125 0.7857142859375
0 0.47453703750000004 0.7423115078125 0.4857804234375 0.75322420625 0.490410053125 0.753472221875 0.49570105781249996 0.7509920640625001 0.49371693125 0.7460317453124999 0.4672619046875 0.7145337296875 0.4609788359375 0.7150297625 0.4632936515625 0.72197420625 0.47453703750000004 0.7423115078125
0 0.41964285781250005 0.7321428578125 0.4269179890625 0.7261904765625 0.4292328046875 0.7227182546875001 0.4232804234375 0.7237103171875 0.41997354531250003 0.724950396875 0.40972222187499996 0.7306547625 0.4130291 0.7333829359374999 0.41633597812499995 0.734623015625 0.41964285781250005 0.7321428578125