0 0.1473333328125 0.25925 0.1393333328125 0.26625 0.1476666671875 0.27749999999999997 0.156 0.2745 0.1586666671875 0.26749999999999996 0.1473333328125 0.25925
0 0.629 0.39775 0.6603333328125001 0.40125 0.6836666671875 0.404 0.7076666671875 0.40199999999999997 0.7293333328125 0.39025 0.7613333328125 0.38075000000000003 0.8019999999999999 0.37675000000000003 0.8029999999999999 0.34675 0.8076666671874999 0.325 0.8003333328125001 0.32525 0.7943333328125 0.344 0.7836666671875 0.31975 0.769 0.3185 0.764 0.31225 0.7173333328125 0.3035 0.6436666671875 0.31275 0.5903333328125 0.36150000000000004 0.6086666671875001 0.382 0.6093333328125 0.38825 0.629 0.39775
0 0.6016666671875 0.27875 0.608 0.2765 0.6083333328125 0.27075 0.6013333328125 0.2665 0.5796666671875 0.254 0.5733333328125 0.26275 0.5753333328125 0.26775000000000004 0.568 0.27425 0.5733333328125 0.27799999999999997 0.575 0.27375 0.5856666671874999 0.27575 0.6016666671875 0.27875
0 0.6296666671875 0.29 0.6456666671875 0.29325 0.6593333328125001 0.28725 0.655 0.26475 0.6393333328125 0.26925 0.6323333328125 0.27925 0.6286666671875001 0.28375 0.6296666671875 0.29
0 0.7703333328124999 0.1085 0.779 0.1115 0.7793333328125 0.11425 0.7843333328125001 0.11299999999999999 0.7873333328125 0.11100000000000002 0.782 0.10774999999999998 0.8023333328125 0.11000000000000001 0.8216666671875 0.11225 0.827 0.10700000000000001 0.7506666671875 0.10049999999999999 0.749 0.1135 0.756 0.11025 0.7703333328124999 0.1085
0 0.20366666718749998 0.42074999999999996 0.1943333328125 0.4165 0.19 0.41875 0.20099999999999998 0.42525 0.20166666718749998 0.43150000000000005 0.21000000000000002 0.43150000000000005 0.20366666718749998 0.42074999999999996
0 0.22433333281249998 0.403 0.24533333281249997 0.4175 0.24900000000000003 0.413 0.23133333281250001 0.39975 0.22433333281249998 0.403
0 0.742 0.6537499999999999 0.6826666671875 0.63175 0.6519999999999999 0.669 0.771 0.72775 0.7976666671875 0.70225 0.79 0.68475 0.742 0.6537499999999999
0 0.399 0.6165 0.3996666671875 0.64025 0.4606666671875 0.635 0.45533333281250005 0.613 0.399 0.6165
0 0.7513333328125 0.21875 0.752 0.21275 0.7446666671875 0.21025 0.7486666671875 0.20725 0.7476666671875 0.20375000000000001 0.7346666671875 0.20575000000000002 0.7236666671875 0.20825 0.7253333328125 0.21425 0.7356666671875 0.21875 0.7466666671875 0.22374999999999998 0.7513333328125 0.21875
0 0.16899999999999998 0.1355 0.18 0.1295 0.177 0.12350000000000001 0.1436666671875 0.11775 0.13633333281249999 0.124 0.144 0.137 0.1576666671875 0.14125000000000001 0.1626666671875 0.1375 0.16899999999999998 0.1355