0 0.876901140625 0.5730574328125 0.8384030421875 0.6102195953125 0.8483840296875 0.6173986484375 0.8854562734375 0.5861486484375 0.8840304187499999 0.58108108125 0.876901140625 0.5730574328125
0 0.654942965625 0.6473817562499999 0.6547053234375 0.6528716218749999 0.6589828890625 0.6630067562499999 0.6642110265625 0.6668074328125 0.6670627375 0.6608952703125001 0.661359315625 0.6456925671875 0.654942965625 0.6473817562499999
0 0.647338403125 0.6579391890624999 0.65446768125 0.6697635140625 0.6630228140625001 0.675675675 0.6649239546875 0.66891891875 0.645912546875 0.6490709453125 0.638307984375 0.65329391875 0.64163498125 0.65920608125 0.647338403125 0.6579391890624999
0 0.73098859375 0.2478885140625 0.732652090625 0.24197635156250002 0.728374525 0.2331081078125 0.7226711031249999 0.22888513437500002 0.7210076046875 0.2356418921875 0.7274239546875 0.249577703125 0.73098859375 0.2478885140625
0 0.490494296875 0.230996621875 0.4871673 0.22297297343750003 0.48098859374999997 0.2204391890625 0.4748098859375 0.22170608125000002 0.479087453125 0.234797296875 0.48811787031250004 0.23859797343750003 0.490494296875 0.230996621875
0 0.4574619765625 0.3146114859375 0.45461026562500007 0.3201013515625 0.4676806078125 0.3230574328125 0.472671103125 0.3175675671875 0.4574619765625 0.3146114859375
0 0.0888783265625 0.48395270312500005 0.0698669203125 0.5021114859375 0.0769961984375 0.5105574328125 0.0922053234375 0.49113175625 0.0888783265625 0.48395270312500005
0 0.590066540625 0.6651182437500001 0.5881654000000001 0.668074325 0.59196768125 0.672297296875 0.5926806078125 0.6668074328125 0.590066540625 0.6651182437500001
0 0.5793726234375 0.7643581078125 0.578422053125 0.7690033781250001 0.5826996203125 0.7706925671875 0.582224334375 0.766047296875 0.5793726234375 0.7643581078125
0 0.71696768125 0.7229729734375 0.7155418250000001 0.719172296875 0.6998574140625 0.7267736484375 0.6962927750000001 0.731841215625 0.698193915625 0.7356418921875 0.7015209125 0.730574325 0.71696768125 0.7229729734375
0 0.7157794671875 0.45692567500000003 0.7153041828125 0.46959459531250003 0.718631178125 0.4700168921875 0.71815589375 0.45523648593750005 0.7081749046875 0.43707770312500005 0.699619771875 0.42567567500000003 0.6915399234375 0.42103040468749997 0.69011406875 0.4260979734375 0.70532319375 0.43834459531250003 0.7057984796875 0.4645270265625 0.708650190625 0.46579391875000004 0.7081749046875 0.440033784375 0.7157794671875 0.45692567500000003
0 0.55869771875 0.48479729687499995 0.5551330796875 0.4856418921875 0.5520437265625 0.48817567500000003 0.5532319390625 0.4928209453125 0.5589353609375001 0.48902027031250006 0.55869771875 0.48479729687499995
0 0.7770912546875001 0.540540540625 0.7751901140624999 0.547297296875 0.77946768125 0.5489864859375 0.7808935359375 0.5434966218749999 0.7770912546875001 0.540540540625