0 0.241727940625 0.6744281046875 0.22212009843749997 0.6736111109375 0.2236519609375 0.6825980390625 0.23713235312499997 0.6834150328125 0.24662990156250003 0.678513071875 0.241727940625 0.6744281046875
0 0.2705269609375 0.65073529375 0.2545955875 0.6503267968750001 0.24662990156250003 0.652777778125 0.25306372499999996 0.65849673125 0.2760416671875 0.6572712421875 0.2705269609375 0.65073529375
0 0.122242646875 0.6817810453125001 0.122242646875 0.68668300625 0.13664215625 0.6858660125 0.136335784375 0.679330065625 0.122242646875 0.6817810453125001
0 0.021446078125 0.64460784375 0.0208333328125 0.6364379078125 0.013174020312500001 0.6372549015625 0.0052083328125 0.6462418296875 0.0015318625 0.6515522875 0.0094975484375 0.6560457515625 0.020526960937499998 0.659722221875 0.03125 0.6548202609375 0.021446078125 0.64460784375
0 0.41697303906250005 0.6727941171875 0.416053921875 0.667483659375 0.40287990156250003 0.6638071890624999 0.3967524515625 0.6723856203125 0.40012254843750006 0.6760620921875 0.41452205937500003 0.677696078125 0.41697303906250005 0.6727941171875
0 0.3952205875 0.653186275 0.39950980468749997 0.653186275 0.4071691171875 0.653186275 0.41115196093749995 0.6478758171875 0.4077818625 0.64297385625 0.41023284374999996 0.63521241875 0.403492646875 0.6311274515624999 0.398897059375 0.6372549015625 0.3998161765625 0.64379085 0.3924632359375 0.6482843140625 0.3952205875 0.653186275
0 0.575367646875 0.6911764703125 0.5744485296875 0.6838235296875 0.5643382359375 0.6813725484375001 0.5514705875 0.6834150328125 0.54136029375 0.696895425 0.5435049015625 0.7013888890625 0.5686274515624999 0.7009803921875 0.575367646875 0.6911764703125
0 0.6283700984375 0.6801470593750001 0.619178921875 0.6797385625000001 0.6127450984375 0.679330065625 0.609681371875 0.6850490203125 0.606617646875 0.6809640515625001 0.6029411765625 0.685457515625 0.5955882359375 0.6911764703125 0.593443628125 0.6948529406249999 0.6170343140625 0.6989379078125 0.6234681375 0.697303921875 0.6323529406249999 0.6928104578125 0.6283700984375 0.6801470593750001
0 0.519914215625 0.695669934375 0.5373774515624999 0.6919934640625 0.543811275 0.687908496875 0.5361519609375 0.6764705875 0.531556371875 0.6756535953125 0.530943628125 0.6825980390625 0.521446078125 0.6875 0.519914215625 0.6809640515625001 0.514399509375 0.678104575 0.512867646875 0.6830065359375 0.5067401953124999 0.6850490203125 0.4981617640625 0.69607843125 0.505821078125 0.697303921875 0.5119485296875 0.6940359484374999 0.519914215625 0.695669934375
0 0.50857843125 0.634803921875 0.5033700984375 0.6319444437499999 0.49754902031250003 0.634803921875 0.49387254843750006 0.6544117640625 0.50704656875 0.6568627453125 0.509803921875 0.6499183000000001 0.50857843125 0.634803921875
0 0.6265318625 0.6286764703125 0.6173406859375 0.61478758125 0.61335784375 0.622957515625 0.6188725484375001 0.6323529406249999 0.6265318625 0.6286764703125
0 0.6482843140625 0.653186275 0.6470588234375 0.64297385625 0.640318628125 0.63521241875 0.6329656859375 0.640931371875 0.6299019609375 0.6503267968750001 0.63204656875 0.6466503265625 0.64613970625 0.6580882359375 0.6482843140625 0.653186275
0 0.6596200984375 0.70383986875 0.6709558828125 0.7046568625 0.6743259796875 0.696486928125 0.6740196078125 0.6903594765625 0.6669730390625 0.6915849671875 0.6620098046875 0.683946078125 0.6636029406249999 0.6834150328125 0.6666666671875 0.6662581703125 0.66176470625 0.6564542484375 0.6537990203125 0.6552287578125 0.6467524515624999 0.667483659375 0.6452205875 0.6790577343749999 0.644914215625 0.6813725484375001 0.64767156875 0.688725490625 0.651960784375 0.69771241875 0.6596200984375 0.70383986875
0 0.7432598046875001 0.6936274515624999 0.7481617640625 0.6899509796875 0.738664215625 0.6850490203125 0.7150735296875 0.689542484375 0.718443628125 0.698120915625 0.7380514703125 0.696486928125 0.7432598046875001 0.6936274515624999
0 0.7046568625 0.6499183000000001 0.69914215625 0.658905228125 0.718443628125 0.6621732031249999 0.724571078125 0.65400326875 0.7046568625 0.6499183000000001