0 0.1384615390625 0.2298076921875 0.1418269234375 0.227884615625 0.1358173078125 0.21891025625 0.1384615390625 0.2298076921875
0 0.2293269234375 0.3634615390625 0.23365384687500002 0.34391025625 0.23125 0.340384615625 0.2322115390625 0.3333333328125 0.22644230781250002 0.3298076921875 0.21682692343749999 0.3708333328125 0.225 0.3753205125 0.22692307656250002 0.3628205125 0.2293269234375 0.3634615390625
0 0.172596153125 0.3644230765625 0.15889423125 0.384615384375 0.166346153125 0.39775641093749997 0.19375 0.416025640625 0.22451923125 0.4301282046875 0.24855769218749998 0.44423076874999995 0.252403846875 0.44455128281249995 0.2579326921875 0.45480769218750006 0.2615384609375 0.4522435890625 0.264903846875 0.453525640625 0.26610576875 0.4496794875 0.268990384375 0.4509615390625 0.2730769234375 0.44519230781249997 0.22836538437499998 0.40320512812500003 0.1947115390625 0.38814102500000003 0.178125 0.3772435890625 0.172596153125 0.3644230765625
0 0.2360576921875 0.309935896875 0.23076923124999998 0.309935896875 0.2298076921875 0.31538461562500003 0.23125 0.32115384687500004 0.22692307656250002 0.3233974359375 0.22644230781250002 0.327564103125 0.23317307656250003 0.33173076875 0.2384615390625 0.3269230765625 0.24375 0.32820512812499997 0.2384615390625 0.31826923125 0.2360576921875 0.309935896875
0 0.09423076875 0.8429487171875 0.11009615312500001 0.853205128125 0.11658653906250001 0.8173076921875 0.12355769218749998 0.7801282046875 0.1302884609375 0.7644230765625 0.131490384375 0.7509615390625 0.134615384375 0.74326923125 0.1394230765625 0.722115384375 0.1454326921875 0.7108974359375 0.1459134609375 0.7051282046875 0.13966346093749998 0.7112179484375 0.1394230765625 0.703846153125 0.135096153125 0.7022435890625001 0.1324519234375 0.715064103125 0.12427884687499999 0.7137820515625 0.11875 0.703846153125 0.1134615390625 0.7467948718749999 0.11201923124999999 0.7746794875 0.109615384375 0.8141025640624999 0.09423076875 0.8429487171875
0 0.5259615390625 0.9445512828125 0.5233173078125 0.9554487171874999 0.5538461531250001 0.9855769234375 0.5574519234374999 0.9625 0.5427884609375 0.9432692312500001 0.5384615390625 0.9480769234374999 0.5259615390625 0.9445512828125
0 0.4831730765625 0.9240384609375001 0.491346153125 0.9233974359375001 0.490865384375 0.9160256406249999 0.48725961562500003 0.9144230765625 0.4862980765625 0.9073717953125 0.46826923125000003 0.9057692312500001 0.4572115390625 0.9 0.443990384375 0.9166666671874999 0.45336538437499996 0.928525640625 0.48076923125000004 0.9323717953124999 0.4831730765625 0.9240384609375001
0 0.752403846875 0.5916666671875 0.75673076875 0.5929487171875001 0.778846153125 0.44326923125000006 0.7725961531250001 0.44455128281249995 0.752403846875 0.5916666671875
0 0.74110576875 0.5451923078124999 0.781971153125 0.5628205125 0.7853365390625 0.5733974359375 0.79326923125 0.5608974359375 0.802403846875 0.5326923078125 0.799759615625 0.5150641031250001 0.80889423125 0.50673076875 0.8050480765625 0.499358975 0.8048076921874999 0.4887820515625 0.80048076875 0.488141025 0.7920673078125 0.477884615625 0.793990384375 0.466025640625 0.7877403843749999 0.4634615390625 0.7504807687499999 0.384294871875 0.7269230765625 0.3855769234375 0.70048076875 0.42435897499999997 0.7264423078125 0.5358974359374999 0.74110576875 0.5451923078124999
0 0.5290865390625 0.7012820515625 0.533653846875 0.713141025 0.5293269234375 0.7262820515625 0.5360576921875 0.7352564109374999 0.54951923125 0.7384615390625 0.558653846875 0.734294871875 0.55985576875 0.7240384609375 0.5581730765625 0.7201923078125 0.5605769234375 0.715384615625 0.5637019234375 0.7108974359375 0.568028846875 0.6769230765625001 0.5665865390625 0.671474359375 0.5516826921875 0.6605769234375 0.5389423078125 0.6602564109375 0.5329326921875001 0.663141025 0.5290865390625 0.7012820515625
0 0.593509615625 0.6336538468749999 0.5875 0.6179487171875 0.5735576921875001 0.6163461531250001 0.5673076921875 0.6169871796875 0.5733173078125 0.6314102562499999 0.5682692312500001 0.6298076921875 0.5665865390625 0.6355769234374999 0.54951923125 0.6282051281250001 0.5382211531250001 0.647435896875 0.5370192312500001 0.6602564109375 0.5519230765625001 0.6602564109375 0.5665865390625 0.6705128203124999 0.568509615625 0.6762820515625 0.5641826921875001 0.7112179484375 0.580528846875 0.725 0.584375 0.7214743593749999 0.59110576875 0.696794871875 0.6173076921875 0.683974359375 0.6146634609375 0.6509615390625 0.593509615625 0.6336538468749999
0 0.3362980765625 0.5384615390625 0.3331730765625 0.5333333328125 0.32379807656250004 0.5314102562499999 0.3201923078125 0.54326923125 0.315625 0.54326923125 0.3108173078125 0.5615384609375 0.30264423125 0.6028846156250001 0.3052884609375 0.6198717953124999 0.3045673078125 0.6294871796875 0.310096153125 0.6307692312500001 0.3206730765625 0.6099358968749999 0.32451923125 0.6054487171875 0.3362980765625 0.5519230765625001 0.3362980765625 0.5384615390625
0 0.3790865390625 0.5592948718749999 0.38485576875 0.5695512828125 0.39086538437499996 0.575641025 0.40576923125000003 0.5858974359375 0.4173076921875 0.591346153125 0.4322115390625 0.586858975 0.44134615312500003 0.5737179484375 0.440625 0.553205128125 0.43701923125000003 0.5314102562499999 0.4264423078125 0.516025640625 0.4137019234375 0.5108974359375 0.3927884609375 0.5115384609375 0.38076923125 0.5266025640625001 0.37788461562500003 0.5445512828125 0.3790865390625 0.5592948718749999
0 0.41706730781249995 0.165705128125 0.42163461562500004 0.163141025 0.40913461562500003 0.12307692343750001 0.3980769234375 0.13173076875 0.4048076921875 0.1551282046875 0.4115384609375 0.15673076875 0.41706730781249995 0.165705128125