0 0.572 0.37675000000000003 0.5666666671875 0.37275 0.5796666671875 0.36150000000000004 0.583 0.355 0.5900000000000001 0.351 0.5883333328125 0.34725 0.5820000000000001 0.34825 0.5666666671875 0.34425 0.5503333328125 0.361 0.536 0.37 0.5353333328125001 0.37575 0.5416666671875 0.38025000000000003 0.5363333328125 0.38825 0.5466666671875 0.39075000000000004 0.5593333328125001 0.38075000000000003 0.563 0.3815 0.572 0.37675000000000003
0 0.378 0.5295 0.38133333281250004 0.5309999999999999 0.3883333328125 0.51775 0.3843333328125 0.51675 0.378 0.5295
0 0.3586666671875 0.545 0.3463333328125 0.55575 0.3496666671875 0.55775 0.363 0.54775 0.362 0.54475 0.3586666671875 0.545
0 0.14666666718750002 0.79475 0.1503333328125 0.7917500000000001 0.1443333328125 0.79225 0.1386666671875 0.7935 0.134 0.79575 0.13033333281249998 0.79625 0.1276666671875 0.799 0.1276666671875 0.8019999999999999 0.1243333328125 0.8074999999999999 0.12833333281249998 0.80525 0.1433333328125 0.80175 0.147 0.79825 0.14666666718750002 0.79475
0 0.3223333328125 0.6125 0.319 0.6132500000000001 0.322 0.62675 0.32566666718750004 0.62675 0.32599999999999996 0.6172500000000001 0.3233333328125 0.61575 0.3223333328125 0.6125
0 0.1676666671875 0.74375 0.1656666671875 0.7457499999999999 0.162 0.745 0.1596666671875 0.747 0.1596666671875 0.7497499999999999 0.153 0.75725 0.1583333328125 0.75225 0.162 0.75225 0.17233333281250002 0.74475 0.1676666671875 0.74375
0 0.2796666671875 0.6405000000000001 0.2856666671875 0.6447499999999999 0.2896666671875 0.64225 0.2846666671875 0.63725 0.2796666671875 0.6405000000000001
0 0.4733333328125 0.45225 0.4726666671875 0.4485 0.4653333328125 0.445 0.4636666671875 0.4425 0.4623333328125 0.445 0.4606666671875 0.44775 0.4566666671875 0.44975 0.4523333328125 0.45149999999999996 0.449 0.4545 0.4446666671875 0.46275000000000005 0.4493333328125 0.462 0.45999999999999996 0.45599999999999996 0.4653333328125 0.453 0.4733333328125 0.45225
0 0.5613333328125 0.79125 0.5693333328125 0.7889999999999999 0.5643333328125 0.77575 0.5566666671875 0.778 0.5613333328125 0.79125
0 0.6363333328125 0.5782499999999999 0.6396666671875 0.5815 0.6483333328125 0.5742499999999999 0.6453333328124999 0.5705 0.6363333328125 0.5782499999999999
0 0.8283333328125 0.0705 0.8310000000000001 0.072 0.8416666671874999 0.058750000000000004 0.841 0.05575 0.8283333328125 0.0705
0 0.504 0.40549999999999997 0.5096666671875 0.40625 0.5146666671875 0.399 0.5196666671875 0.39725 0.521 0.39425 0.5269999999999999 0.3955 0.5273333328125 0.3895 0.522 0.38975 0.514 0.39449999999999996 0.5063333328125 0.39649999999999996 0.49800000000000005 0.40425000000000005 0.4996666671875 0.40700000000000003 0.491 0.4135 0.4803333328125 0.42725 0.4926666671875 0.4205 0.5003333328124999 0.4175 0.508 0.40875000000000006 0.504 0.40549999999999997
0 0.5956666671875 0.3255 0.6026666671875 0.32325 0.6003333328125 0.319 0.597 0.31975 0.5980000000000001 0.31625000000000003 0.5936666671874999 0.3145 0.5876666671875 0.3145 0.5866666671874999 0.31725 0.5783333328125 0.32175 0.5773333328125 0.32475 0.589 0.3225 0.591 0.32 0.5943333328125 0.321 0.5956666671875 0.3255
0 0.223 0.67725 0.21833333281249998 0.6839999999999999 0.219 0.69025 0.22799999999999998 0.68625 0.23199999999999998 0.6809999999999999 0.2293333328125 0.67825 0.223 0.67725