0 0.31640625 0.3671875 0.2669270828125 0.3564453125 0.23958333281250002 0.38134765625 0.21223958281250002 0.4501953125 0.1940104171875 0.47998046875 0.28125 0.5 0.3294270828125 0.5048828125 0.3268229171875 0.48779296875 0.33984375 0.431640625 0.3522135421875 0.3798828125 0.31640625 0.3671875
0 0.5436197921875 0.64453125 0.5188802078125 0.6337890625 0.4856770828125 0.62890625 0.4563802078125 0.64013671875 0.4583333328125 0.67578125 0.4622395828125 0.7275390625 0.4791666671875 0.73681640625 0.5169270828125 0.73828125 0.533203125 0.685546875 0.5436197921875 0.64453125
0 0.5026041671875 0.6455078125 0.5026041671875 0.61865234375 0.5084635421875 0.6103515625 0.498046875 0.61181640625 0.4954427078125 0.6220703125 0.4928385421875 0.64453125 0.5026041671875 0.6455078125
0 0.6282552078125 0.64990234375 0.63671875 0.650390625 0.6549479171875 0.6416015625 0.673828125 0.61279296875 0.68359375 0.59912109375 0.6953125 0.5849609375 0.6881510421875 0.5673828125 0.662109375 0.5625 0.63671875 0.572265625 0.6236979171875 0.59130859375 0.6119791671875 0.609375 0.60546875 0.630859375 0.6028645828125 0.638671875 0.6178385421875 0.642578125 0.6282552078125 0.64990234375
0 0.6901041671875 0.6552734375 0.7018229171875 0.654296875 0.7083333328125 0.6455078125 0.7154947921875 0.6357421875 0.720703125 0.6181640625 0.6953125 0.58740234375 0.6888020828125 0.59521484375 0.6712239578125 0.61279296875 0.6614583328125 0.6416015625 0.6653645828125 0.6474609375 0.67578125 0.6484375 0.6790364578125 0.6552734375 0.6901041671875 0.6552734375
0 0.4205729171875 0.8037109375 0.4036458328125 0.76171875 0.375 0.77392578125 0.3444010421875 0.7978515625 0.3359375 0.82958984375 0.3372395828125 0.85302734375 0.3665364578125 0.861328125 0.40234375 0.83837890625 0.4186197921875 0.81982421875 0.4205729171875 0.8037109375
0 0.1295572921875 0.775390625 0.1178385421875 0.77490234375 0.001953125 0.78466796875 0 0.935546875 0.08528645781250001 0.94189453125 0.1295572921875 0.775390625
0 0.6236979171875 0.64990234375 0.599609375 0.6533203125 0.5930989578125 0.65966796875 0.6145833328125 0.6748046875 0.630859375 0.6904296875 0.6471354171875 0.7060546875 0.6770833328125 0.70751953125 0.65625 0.68359375 0.6393229171875 0.66064453125 0.6236979171875 0.64990234375
0 0.8255208328125001 0.67822265625 0.8118489578125001 0.65185546875 0.7819010421875 0.65576171875 0.7779947921875 0.6796875 0.7819010421875 0.7001953125 0.7955729171875 0.69775390625 0.810546875 0.6953125 0.822265625 0.69482421875 0.8255208328125001 0.67822265625
0 0.7578125 0.7138671875 0.751953125 0.701171875 0.73828125 0.6904296875 0.7220052078125 0.70654296875 0.7259114578125 0.7294921875 0.732421875 0.736328125 0.751953125 0.73779296875 0.7552083328125 0.7333984375 0.7578125 0.7138671875
0 0.4557291671875 0.37158203125 0.4635416671875 0.38916015625 0.482421875 0.40673828125 0.5006510421875 0.41943359375 0.5286458328125 0.4189453125 0.5247395828125 0.4296875 0.5358072921875 0.43017578125 0.5598958328125 0.42138671875 0.5625 0.40966796875 0.55078125 0.3984375 0.5553385421875 0.38427734375 0.5240885421875 0.3525390625 0.4973958328125 0.31787109375 0.4674479171875 0.2900390625 0.4537760421875 0.2919921875 0.4231770828125 0.30517578125 0.4069010421875 0.31494140625 0.4153645828125 0.33837890625 0.4557291671875 0.37158203125
0 0.7766927078125 0.294921875 0.7916666671875 0.3037109375 0.8014322921874999 0.29150390625 0.8001302078125001 0.2705078125 0.775390625 0.27294921875 0.7415364578125 0.28076171875 0.7317708328125 0.296875 0.7415364578125 0.32275390625 0.7506510421875 0.328125 0.76171875 0.31591796875 0.7766927078125 0.294921875
0 0.58203125 0.4599609375 0.5787760421875 0.44091796875 0.55859375 0.4375 0.5390625 0.45703125 0.546875 0.4658203125 0.5598958328125 0.47802734375 0.5696614578125 0.47412109375 0.58203125 0.4599609375