0 0.2156666671875 0.19125 0.2193333328125 0.19275 0.2233333328125 0.1915 0.22033333281249998 0.18975 0.2156666671875 0.19125
0 0.251 0.19225 0.24533333281249997 0.1925 0.24466666718750002 0.19524999999999998 0.2483333328125 0.197 0.2526666671875 0.1955 0.251 0.19225
0 0.057999999999999996 0.18625 0.061333332812499995 0.1845 0.063 0.1805 0.060333332812499994 0.1775 0.0556666671875 0.17775000000000002 0.0516666671875 0.17725 0.048333332812500004 0.17825 0.044666667187499995 0.18025 0.046 0.184 0.05 0.18425 0.0523333328125 0.1865 0.057999999999999996 0.18625
0 0.393 0.23500000000000001 0.389 0.23475000000000001 0.3903333328125 0.23725000000000002 0.3936666671875 0.2385 0.3966666671875 0.23700000000000002 0.393 0.23500000000000001
0 0.4023333328125 0.19824999999999998 0.3996666671875 0.202 0.3983333328125 0.20475 0.3946666671875 0.20625 0.3973333328125 0.21075 0.4026666671875 0.20875 0.4086666671875 0.20975000000000002 0.41566666718749995 0.2065 0.42366666718749996 0.20224999999999999 0.43233333281249997 0.19875 0.437 0.19575 0.442 0.19325 0.44400000000000006 0.19025 0.4423333328125 0.18725 0.4336666671875 0.18275 0.42533333281249996 0.1865 0.418 0.19125 0.4096666671875 0.1955 0.4023333328125 0.19824999999999998
0 0.392 0.1985 0.385 0.199 0.37733333281250003 0.199 0.3613333328125 0.2 0.3576666671875 0.20175 0.357 0.20625 0.359 0.21075 0.363 0.211 0.3723333328125 0.21075 0.38 0.20925 0.3866666671875 0.21000000000000002 0.396 0.20975000000000002 0.3946666671875 0.20600000000000002 0.3986666671875 0.20249999999999999 0.4 0.2 0.392 0.1985
0 0.3563333328125 0.19775 0.364 0.1975 0.37066666718749997 0.19824999999999998 0.37466666718749997 0.199 0.37933333281250003 0.19824999999999998 0.384 0.198 0.3916666671875 0.19824999999999998 0.3953333328125 0.19775 0.3976666671875 0.1955 0.3956666671875 0.192 0.391 0.189 0.385 0.18725 0.378 0.1865 0.37 0.186 0.3636666671875 0.185 0.3523333328125 0.184 0.3496666671875 0.187 0.3503333328125 0.19325 0.3516666671875 0.19675 0.3563333328125 0.19775
0 0.40133333281250005 0.2085 0.398 0.20525000000000002 0.395 0.20675 0.397 0.211 0.40133333281250005 0.2085
0 0.43 0.209 0.43333333281249997 0.21075 0.4376666671875 0.209 0.44299999999999995 0.20675 0.44966666718750004 0.20550000000000002 0.4493333328125 0.20299999999999999 0.4423333328125 0.205 0.43666666718749997 0.2045 0.43 0.209
0 0.397 0.2205 0.40099999999999997 0.21949999999999997 0.40499999999999997 0.21749999999999997 0.40700000000000003 0.21425 0.40433333281249995 0.21175000000000002 0.40099999999999997 0.21175000000000002 0.3966666671875 0.21375000000000002 0.3936666671875 0.21549999999999997 0.3936666671875 0.2185 0.397 0.2205
0 0.394 0.18625 0.3926666671875 0.18975 0.3946666671875 0.192 0.3976666671875 0.1955 0.40499999999999997 0.192 0.40800000000000003 0.189 0.4016666671875 0.1875 0.3976666671875 0.18625 0.394 0.18625
0 0.36466666718749996 0.20024999999999998 0.371 0.19924999999999998 0.3643333328125 0.19775 0.3403333328125 0.1915 0.3383333328125 0.1935 0.36466666718749996 0.20024999999999998
0 0.41100000000000003 0.19424999999999998 0.42433333281249996 0.202 0.426 0.20135 0.4258333328125 0.20299999999999999 0.4273333328125 0.20400000000000001 0.4326666671875 0.205 0.4386666671875 0.2045 0.4463333328125 0.20325000000000001 0.4493333328125 0.20049999999999998 0.44733333281250004 0.19075 0.4443333328125 0.1895 0.42706060625 0.1867727265625 0.42679999999999996 0.18575 0.4326666671875 0.18275 0.426 0.1785 0.422 0.179 0.417 0.18125 0.41200000000000003 0.18575 0.41111111093749997 0.18825 0.4106666671875 0.1895 0.4108888890625 0.1926666671875 0.41258333281250004 0.1935 0.41100000000000003 0.19424999999999998
0 0.5086666671875 0.32075 0.5066666671875 0.31825000000000003 0.49800000000000005 0.31775000000000003 0.496 0.32 0.5016666671875 0.32025000000000003 0.5086666671875 0.32075
0 0.368 0.45725 0.378 0.44775 0.38 0.43825000000000003 0.37466666718749997 0.43224999999999997 0.3693333328125 0.42874999999999996 0.3566666671875 0.42575 0.3456666671875 0.425 0.33799999999999997 0.42525 0.32799999999999996 0.42625 0.319 0.42750000000000005 0.313 0.429 0.30133333281249997 0.4325 0.29133333281249996 0.43624999999999997 0.2823333328125 0.4425 0.2773333328125 0.44775 0.2753333328125 0.45549999999999996 0.286 0.4665 0.3083333328125 0.47125000000000006 0.3253333328125 0.47074999999999995 0.3383333328125 0.46950000000000003 0.3373333328125 0.46449999999999997 0.3366666671875 0.462 0.331 0.45775 0.317 0.4575 0.32966666718750004 0.45625 0.3346666671875 0.45675 0.3426666671875 0.45225 0.35 0.44875 0.33799999999999997 0.4565 0.3373333328125 0.45949999999999996 0.344 0.461 0.3493333328125 0.46125 0.3576666671875 0.46299999999999997 0.368 0.45725