0 0.0319010421875 0.82666015625 0.044921875 0.83544921875 0.060546875 0.8359375 0.07942708281250001 0.84765625 0.1126302078125 0.8525390625 0.1321614578125 0.8642578125 0.1712239578125 0.86279296875 0.177734375 0.83740234375 0.1419270828125 0.77978515625 0.060546875 0.767578125 0.05989583281250001 0.7841796875 0.0494791671875 0.7841796875 0.0319010421875 0.82666015625
0 0.640625 0.64404296875 0.662109375 0.6435546875 0.68359375 0.6396484375 0.7102864578125 0.59912109375 0.6959635421875 0.5751953125 0.65234375 0.5615234375 0.6256510421875 0.5556640625 0.6022135421875 0.56787109375 0.5963541671875 0.52685546875 0.5826822921875 0.49609375 0.5833333328125 0.4794921875 0.5514322921875 0.4697265625 0.5071614578125 0.48193359375 0.4830729171875 0.5078125 0.4915364578125 0.52734375 0.5983072921875 0.60888671875 0.640625 0.64404296875
0 0.4602864578125 0.38232421875 0.4361979171875 0.37255859375 0.388671875 0.37109375 0.3424479171875 0.38330078125 0.32421875 0.5029296875 0.3561197921875 0.54736328125 0.48828125 0.53125 0.4602864578125 0.38232421875
0 0.6393229171875 0.556640625 0.6731770828125 0.5595703125 0.6861979171875 0.552734375 0.7259114578125 0.52587890625 0.7356770828125 0.48583984375 0.7063802078125 0.45458984375 0.6321614578125 0.44921875 0.5859375 0.478515625 0.6087239578125 0.53759765625 0.6243489578125 0.55224609375 0.6393229171875 0.556640625
0 0.5325520828125 0.36328125 0.5188802078125 0.3671875 0.6770833328125 0.5458984375 0.6848958328125 0.53857421875 0.5325520828125 0.36328125
0 0.5065104171875 0.44189453125 0.5162760421875 0.4736328125 0.5540364578125 0.4677734375 0.5846354171875 0.47607421875 0.6315104171875 0.4462890625 0.640625 0.4208984375 0.640625 0.40478515625 0.6197916671875 0.3681640625 0.603515625 0.35498046875 0.5944010421875 0.3505859375 0.583984375 0.314453125 0.5559895828125 0.3134765625 0.537109375 0.3203125 0.5266927078125 0.32763671875 0.52734375 0.35595703125 0.5013020828125 0.39599609375 0.5013020828125 0.42529296875 0.5065104171875 0.44189453125
0 0.3645833328125 0.5341796875 0.3606770828125 0.51123046875 0.3391927078125 0.501953125 0.3151041671875 0.51220703125 0.3365885421875 0.5498046875 0.3548177078125 0.5498046875 0.3645833328125 0.5341796875
0 0.5592447921875 0.57666015625 0.51171875 0.55322265625 0.474609375 0.54541015625 0.42578125 0.54931640625 0.3658854171875 0.54638671875 0.345703125 0.583984375 0.36328125 0.6162109375 0.4973958328125 0.67041015625 0.5592447921875 0.57666015625
0 0.4544270828125 0.5498046875 0.5494791671875 0.5908203125 0.552734375 0.58447265625 0.4635416671875 0.54443359375 0.4544270828125 0.5498046875
0 0.5266927078125 0.6259765625 0.572265625 0.64111328125 0.6197916671875 0.63134765625 0.5611979171875 0.58154296875 0.5266927078125 0.6259765625
0 0.62109375 0.74462890625 0.6569010421875 0.759765625 0.6829427078125 0.76953125 0.71484375 0.7685546875 0.7220052078125 0.75341796875 0.7096354171875 0.7333984375 0.697265625 0.7265625 0.6907552078125 0.70849609375 0.6529947921875 0.6904296875 0.6028645828125 0.697265625 0.576171875 0.7099609375 0.5533854171875 0.69189453125 0.5598958328125 0.7119140625 0.5501302078125 0.7119140625 0.5501302078125 0.72314453125 0.5768229171875 0.73828125 0.5983072921875 0.74560546875 0.62109375 0.74462890625