0 0.094 0.3235 0.05933333281249999 0.34525 0.08199999999999999 0.362 0.1253333328125 0.339 0.094 0.3235
0 0.3303333328125 0.141 0.2956666671875 0.12975 0.282 0.1365 0.2676666671875 0.13425 0.2483333328125 0.14350000000000002 0.28500000000000003 0.1565 0.313 0.15125 0.3303333328125 0.141
0 0.45199999999999996 0.11875 0.46266666718750005 0.10974999999999999 0.4773333328125 0.096 0.488 0.08575 0.48266666718750006 0.0685 0.47533333281249995 0.06925 0.47066666718750005 0.073 0.45866666718750004 0.06875 0.45199999999999996 0.0725 0.4346666671875 0.07175000000000001 0.422 0.08075 0.4193333328125 0.09675 0.4153333328125 0.12075 0.4286666671875 0.13874999999999998 0.442 0.136 0.4446666671875 0.1275 0.45199999999999996 0.11875
0 0 0.001 0.0006666671875 0.006750000000000001 0.0556666671875 0.10575000000000001 0.1203333328125 0.076 0.0656666671875 0.00075 0 0.001
0 0.0813333328125 0.0045 0.11133333281249999 0.05275 0.162 0.025500000000000002 0.1426666671875 0.0085 0.1173333328125 0.01775 0.0813333328125 0.0045
0 0.2703333328125 0.6054999999999999 0.23900000000000002 0.60775 0.24666666718750002 0.63125 0.31033333281250003 0.6315000000000001 0.3086666671875 0.61375 0.2703333328125 0.6054999999999999
0 0.3293333328125 0.70375 0.38933333281250004 0.7065 0.3806666671875 0.65825 0.36066666718749996 0.6535 0.3533333328125 0.67325 0.3286666671875 0.6755 0.3293333328125 0.70375
0 0.32766666718750004 0.6265 0.348 0.6415 0.37 0.63475 0.3676666671875 0.6285000000000001 0.3366666671875 0.6205 0.3113333328125 0.5875 0.2986666671875 0.5925 0.307 0.606 0.316 0.62675 0.32766666718750004 0.6265
0 0.58 0.63525 0.576 0.629 0.55 0.6365000000000001 0.5526666671875 0.643 0.58 0.63525
0 0.45999999999999996 0.568 0.46799999999999997 0.5685 0.472 0.57325 0.47133333281249995 0.57975 0.472 0.58425 0.48966666718749996 0.59475 0.49800000000000005 0.60225 0.5083333328124999 0.59775 0.5336666671875 0.5865 0.5603333328125 0.57075 0.5696666671874999 0.56375 0.5693333328125 0.55625 0.5456666671875 0.5309999999999999 0.5346666671875 0.5295 0.5196666671875 0.53 0.4933333328125 0.53975 0.4523333328125 0.55125 0.4596666671875 0.5565 0.45866666718750004 0.5635 0.45999999999999996 0.568
0 0.678 0.57175 0.678 0.56575 0.6519999999999999 0.5615 0.6486666671875 0.5650000000000001 0.678 0.57175
0 0.7616666671875 0.35475 0.7753333328124999 0.36625 0.78 0.36425 0.7676666671875 0.35225 0.7616666671875 0.35475
0 0.7513333328125 0.40149999999999997 0.7606666671875 0.40650000000000003 0.768 0.4035 0.7813333328125001 0.40774999999999995 0.78 0.4145 0.7846666671875 0.41925 0.796 0.41475 0.8126666671875 0.4095 0.8146666671875 0.40225 0.8153333328124999 0.39449999999999996 0.8113333328125 0.391 0.8099999999999999 0.386 0.7533333328125 0.3815 0.7366666671875 0.39575 0.7493333328125 0.3955 0.7513333328125 0.40149999999999997
0 0.5383333328125001 0.211 0.5646666671875 0.21075 0.5843333328125 0.20875 0.597 0.21000000000000002 0.592 0.18875 0.6076666671875001 0.19075 0.5483333328125 0.16999999999999998 0.5026666671875 0.17775000000000002 0.47400000000000003 0.18475 0.466 0.19125 0.46900000000000003 0.19575 0.449 0.20525000000000002 0.45066666718750004 0.21225 0.475 0.2185 0.4956666671875 0.21925 0.5163333328124999 0.2145 0.5383333328125001 0.211