0 0.523 0.49050000000000005 0.504 0.57975 0.7333333328125 0.5905 0.7396666671875 0.51725 0.523 0.49050000000000005
0 0.5906666671874999 0.5875 0.5386666671875 0.5845 0.526 0.62025 0.5593333328125001 0.6235 0.5906666671874999 0.5875
0 0.5706666671875 0.2485 0.502 0.2015 0.398 0.2015 0.4126666671875 0.272 0.5706666671875 0.275 0.5706666671875 0.2485
0 0.399 0.35150000000000003 0.374 0.375 0.42800000000000005 0.386 0.44266666718750003 0.3655 0.399 0.35150000000000003
0 0.2126666671875 0.38275000000000003 0.1646666671875 0.40149999999999997 0.1896666671875 0.414 0.2416666671875 0.39375 0.2126666671875 0.38275000000000003
0 0.7886666671875 0.15625 0.722 0.1875 0.7656666671875 0.21400000000000002 0.8323333328125001 0.1625 0.7886666671875 0.15625
0 0.373 0.264 0.3206666671875 0.25 0.296 0.27799999999999997 0.36266666718749996 0.2905 0.373 0.264
0 0.29700000000000004 0.189 0.2906666671875 0.23125 0.3303333328125 0.2265 0.3323333328125 0.19225 0.29700000000000004 0.189
0 0.3936666671875 0.33599999999999997 0.3436666671875 0.33275 0.3206666671875 0.34700000000000003 0.373 0.35475 0.3936666671875 0.33599999999999997
0 0.199 0.34375 0.1906666671875 0.37025 0.2136666671875 0.36875 0.199 0.34375
0 0.3896666671875 0.30625 0.4436666671875 0.27975 0.40199999999999997 0.2765 0.36266666718749996 0.3015 0.3896666671875 0.30625
0 0.7823333328125 0.24225 0.7613333328125 0.24225 0.7636666671875 0.26725 0.7906666671875 0.26549999999999996 0.7823333328125 0.24225
0 0.075 0.386 0.0353333328125 0.39375 0.054000000000000006 0.40475000000000005 0.075 0.386