0 0.3658088234375 0.5610021781250001 0.344056371875 0.563725490625 0.3360906859375 0.721677559375 0.376225490625 0.7380174296875001 0.3811274515625 0.5855119828124999 0.3658088234375 0.5610021781250001
0 0.5067401953124999 0.814270153125 0.5076593140625 0.7527233109375 0.3609068625 0.7352941171875 0.3501838234375 0.775599128125 0.35600490156250003 0.811546840625 0.498774509375 0.83714596875 0.5067401953124999 0.814270153125
0 0.52420343125 0.7826797390625 0.525428921875 0.7080610015625 0.3811274515625 0.6906318078125 0.376225490625 0.7352941171875 0.5073529406249999 0.7516339875 0.5073529406249999 0.7821350765624999 0.52420343125 0.7826797390625
0 0.688725490625 0.6808278859375 0.5575980390625 0.705882353125 0.5514705875 0.7352941171875 0.5588235296875 0.776143790625 0.6954656859375 0.705337690625 0.688725490625 0.6808278859375
0 0.55085784375 0.7369281046875 0.5575980390625 0.705337690625 0.5759803921875 0.7004357296875 0.5716911765625 0.66176470625 0.43995097968749997 0.6568627453125 0.4396446078125 0.6797385625000001 0.4353553921875 0.6813725484375001 0.43351715625000004 0.6944444437499999 0.5251225484375001 0.7069716781250001 0.5263480390625 0.7347494546875 0.55085784375 0.7369281046875
0 0.6881127453125 0.6802832249999999 0.6948529406249999 0.69825708125 0.7107843140625 0.6922657953125 0.7150735296875 0.6541394328125001 0.702818628125 0.62418300625 0.5729166671875 0.6416122 0.5674019609375 0.66013071875 0.5716911765625 0.66013071875 0.5772058828125 0.69825708125 0.6881127453125 0.6802832249999999
0 0.5392156859375 0.6503267968750001 0.5392156859375 0.632897603125 0.5330882359375 0.6127450984375 0.4041053921875 0.6111111109375 0.4053308828125 0.6830065359375 0.4390318625 0.6797385625000001 0.440257353125 0.6568627453125 0.5364583328125 0.6557734203125001 0.5392156859375 0.6503267968750001
0 0.5716911765625 0.6394335515625 0.674632353125 0.6263616562500001 0.6636029406249999 0.596949890625 0.547181371875 0.6111111109375 0.53982843125 0.632897603125 0.541053921875 0.65904139375 0.566789215625 0.66013071875 0.5716911765625 0.6394335515625
0 0.43504902031250003 0.578431371875 0.4329044125 0.6100217859375 0.561274509375 0.6078431375 0.5560661765625 0.5762527234375 0.43504902031250003 0.578431371875
0 0.6752450984375 0.6263616562500001 0.6813725484375001 0.6198257078125 0.6838235296875 0.5936819171875001 0.671568628125 0.5631808281249999 0.5618872546875 0.5773420484375 0.5600490203125 0.58932461875 0.561274509375 0.6089324625 0.6629901953124999 0.5947712421875 0.6752450984375 0.6263616562500001
0 0.4139093140625 0.49509803906250005 0.40134803906250005 0.5201525046875 0.40012254843750006 0.5479302828125 0.4420955875 0.5773420484375 0.515318628125 0.5762527234375 0.512561275 0.5588235296875 0.4139093140625 0.49509803906250005
0 0.5036764703125 0.5201525046875 0.5 0.5511982578125 0.6200980390625 0.543572984375 0.6127450984375 0.5119825703124999 0.5036764703125 0.5201525046875
0 0.623774509375 0.5403050109375 0.6265318625 0.5141612203125 0.6200980390625 0.48801742968750006 0.5110294125 0.4945533765625 0.509803921875 0.51742919375 0.6127450984375 0.509259259375 0.6200980390625 0.5403050109375 0.623774509375 0.5403050109375
0 0.5110294125 0.5511982578125 0.515931371875 0.5767973859375 0.6354166671875 0.5680827890625 0.63051470625 0.5413943359375 0.5110294125 0.5511982578125
0 0.7162990203125 0.777233115625 0.8973651953124999 0.6045751640625 0.8630514703125 0.23529411718749998 0.7224264703125 0.046296296875 0.3443627453125 0.0239651421875 0.0631127453125 0.45751634062499996 0.0631127453125 0.8605664484375 0.1240808828125 0.965686275 0.3584558828125 0.937908496875 0.497242646875 0.849128540625 0.35049019531250003 0.8213507625 0.320772059375 0.721677559375 0.340992646875 0.55501089375 0.41452205937500003 0.48257080625000004 0.620710784375 0.47167755937500006 0.7224264703125 0.6546840953124999 0.7162990203125 0.687908496875 0.5238970593750001 0.810457515625 0.5238970593750001 0.8436819171875 0.575367646875 0.8213507625 0.5974264703125 0.92701525 0.6568627453125 0.971677559375 0.7270220593750001 0.9161220046875 0.7162990203125 0.777233115625