0 0.2396634609375 0.9240384609375001 0.256490384375 0.925641025 0.26923076875 0.9214743593750001 0.2733173078125 0.9073717953125 0.2831730765625 0.8830128203125 0.28798076875 0.8676282046875 0.2860576921875 0.8490384609375001 0.2759615390625 0.838141025 0.2646634609375 0.8320512828125001 0.2579326921875 0.8458333328125001 0.24663461562500003 0.8689102562500001 0.23485576875 0.8891025640624999 0.23149038437499997 0.9073717953125 0.23293269218749998 0.9141025640624999 0.2396634609375 0.9240384609375001
0 0.0177884609375 0.699358975 0.022115384374999998 0.6948717953125 0.029326923437500003 0.7025641031250001 0.0365384609375 0.7012820515625 0.057211539062500004 0.671474359375 0.057692307812499996 0.6608974359374999 0.050961539062500005 0.6564102562499999 0.046153846875 0.6451923078124999 0.04375 0.6336538468749999 0.025 0.63173076875 0.01298076875 0.622435896875 0.00048076875000000005 0.6294871796875 0.00048076875000000005 0.7044871796875001 0.00673076875 0.7041666671875 0.0177884609375 0.699358975
0 0.12548076875 0.5996794875 0.125721153125 0.616025640625 0.128365384375 0.634294871875 0.139903846875 0.6394230765625 0.1454326921875 0.6330128203125 0.159615384375 0.6237179484375 0.1701923078125 0.6163461531250001 0.177884615625 0.60608974375 0.19326923125 0.6022435890625 0.21201923125 0.5897435890625 0.227403846875 0.5580128203125 0.22427884687500002 0.553525640625 0.21274038437499998 0.541025640625 0.20384615312499998 0.533653846875 0.19375 0.528205128125 0.175721153125 0.5262820515625 0.16322115312500002 0.527564103125 0.1516826921875 0.5294871796875 0.14158653906250002 0.5378205125 0.1269230765625 0.559615384375 0.128365384375 0.5794871796875001 0.1302884609375 0.590384615625 0.12548076875 0.5996794875
0 0.19615384687499998 0.5221153843749999 0.1985576921875 0.5272435890625 0.209615384375 0.5301282046875 0.21682692343749999 0.541346153125 0.22451923125 0.541025640625 0.22644230781250002 0.5490384609375 0.2326923078125 0.55576923125 0.24903846093749998 0.5509615390625 0.259134615625 0.5387820515625 0.26538461562500004 0.524358975 0.26923076875 0.5141025640625 0.2740384609375 0.503525640625 0.28125 0.49326923125000005 0.28076923125 0.484935896875 0.275 0.48012820468750006 0.2668269234375 0.46858974375000007 0.25432692343749996 0.45512820468750004 0.24855769218749998 0.44775641093749996 0.24038461562500002 0.44134615312500003 0.22692307656250002 0.44455128281249995 0.21778846093749998 0.45929487187499995 0.19951923124999998 0.4830128203125 0.1990384609375 0.49326923125000005 0.2 0.5112179484375 0.19615384687499998 0.5221153843749999
0 0.35048076875 0.4996794875 0.3175480765625 0.502564103125 0.3108173078125 0.511858975 0.309375 0.5317307687499999 0.3074519234375 0.5605769234375 0.30552884687500004 0.566346153125 0.31225961562500004 0.5727564109375 0.34663461562500003 0.5746794875 0.3512019234375 0.5625 0.35264423125 0.5041666671875 0.35048076875 0.4996794875
0 0.30144230781250003 0.5147435890625001 0.297596153125 0.5205128203125 0.29663461562500004 0.527884615625 0.29711538437499996 0.5326923078125 0.29375 0.5416666671875 0.2860576921875 0.5522435890625 0.2860576921875 0.5615384609375 0.28173076875 0.5682692312500001 0.284615384375 0.571794871875 0.30817307656250004 0.572435896875 0.30576923125 0.5669871796875 0.310096153125 0.5205128203125 0.30144230781250003 0.5147435890625001
0 0.37211538437499997 0.5496794875 0.40673076874999997 0.527884615625 0.4076923078125 0.5230769234375 0.40192307656250004 0.5105769234374999 0.3896634609375 0.49198717968750005 0.3521634609375 0.515705128125 0.3512019234375 0.5560897437500001 0.35504807656250004 0.5576923078125 0.37211538437499997 0.5496794875
0 0.347115384375 0.73173076875 0.35 0.746153846875 0.34807692343749996 0.752884615625 0.3610576921875 0.7708333328125 0.3673076921875 0.7605769234374999 0.365384615625 0.7301282046875001 0.353365384375 0.7266025640625 0.347115384375 0.73173076875
0 0.11826923125 0.7926282046875001 0.1237980765625 0.8137820515625 0.13269230781250002 0.8166666671874999 0.140625 0.8028846156249999 0.1509615390625 0.7878205125 0.1375 0.7615384609375 0.127403846875 0.7794871796875 0.11826923125 0.7926282046875001
0 0.15 0.4608974359375 0.16201923125 0.45288461562500004 0.183653846875 0.45 0.1990384609375 0.4394230765625 0.19326923125 0.425 0.18894230781250002 0.4048076921875 0.1625 0.4205128203125 0.1418269234375 0.4233974359375 0.1240384609375 0.43044871718750005 0.128365384375 0.4512820515625 0.134134615625 0.465384615625 0.15 0.4608974359375
0 0.6858173078124999 0.6602564109375 0.6939903843749999 0.6608974359374999 0.73076923125 0.55 0.718990384375 0.546153846875 0.681490384375 0.5269230765625 0.6637019234375 0.5128205125 0.656009615625 0.5083333328124999 0.6240384609375 0.584294871875 0.6192307687499999 0.6076923078124999 0.621153846875 0.613141025 0.675240384375 0.6570512828124999 0.6858173078124999 0.6602564109375
0 0.525 0.558974359375 0.5615384609375 0.6192307687499999 0.5711538468749999 0.6323717953125 0.5875 0.6384615390625 0.614903846875 0.6121794875 0.6192307687499999 0.603525640625 0.6355769234374999 0.55576923125 0.6048076921875001 0.5003205125 0.5855769234375 0.4948717953125 0.577403846875 0.477884615625 0.51826923125 0.5262820515625 0.5264423078125 0.5285256406250001 0.5293269234375 0.5352564109375 0.525 0.558974359375
0 0.52860576875 0.536858975 0.5269230765625 0.5294871796875 0.51826923125 0.525641025 0.4980769234375 0.5208333328125 0.48173076875 0.5240384609375 0.4831730765625 0.5080128203125 0.47115384687499995 0.5009615390625 0.4646634609375 0.5048076921875 0.45480769218750006 0.5073717953125 0.4425480765625 0.5179487171875 0.44326923125000006 0.5387820515625 0.45336538437499996 0.5509615390625 0.45 0.575 0.47956730781249995 0.5791666671875 0.49711538437499997 0.5775641031250001 0.5197115390625 0.5772435890625001 0.52860576875 0.536858975
0 0.6110576921875001 0.47820512812500005 0.6240384609375 0.4996794875 0.6375 0.5073717953125 0.653365384375 0.5125 0.6557692312500001 0.5083333328124999 0.6634615390625 0.5128205125 0.66923076875 0.5108974359375 0.6701923078124999 0.497435896875 0.6644230765625 0.484935896875 0.671634615625 0.4830128203125 0.67451923125 0.474358975 0.6826923078125 0.46826923125000003 0.6798076921875 0.45801282031249996 0.7009615390625 0.4483974359375 0.70576923125 0.43269230781249995 0.6879807687499999 0.408974359375 0.677884615625 0.400641025 0.6644230765625 0.396794871875 0.65 0.3929487171875 0.64326923125 0.3894230765625 0.622115384375 0.3945512828125 0.621153846875 0.4102564109375 0.6134615390625 0.44423076874999995 0.6144230765625001 0.4490384609375 0.6110576921875001 0.47820512812500005
0 0.7911057687499999 0.4205128203125 0.797115384375 0.40737179531249995 0.7920673078125 0.384294871875 0.781971153125 0.36923076875 0.7697115390625 0.35641025625 0.761778846875 0.3490384609375 0.74735576875 0.35480769218749997 0.734615384375 0.37788461562500003 0.7259615390625 0.3746794875 0.7110576921875 0.3727564109375 0.7014423078124999 0.3875 0.69014423125 0.4 0.6894230765625 0.40865384687499995 0.706490384375 0.4323717953125 0.70576923125 0.436858975 0.7298076921875001 0.447115384375 0.75889423125 0.43205128281249994 0.77764423125 0.422435896875 0.7911057687499999 0.4205128203125
0 0.41201923125000006 0.37788461562500003 0.39951923125 0.386858975 0.396634615625 0.396794871875 0.40192307656250004 0.40801282031249997 0.41201923125000006 0.413141025 0.4177884609375 0.416025640625 0.4293269234375 0.4144230765625 0.4384615390625 0.413141025 0.45048076875 0.415384615625 0.46490384687499997 0.41506410312500003 0.47451923125000006 0.41506410312500003 0.4831730765625 0.4173076921875 0.490865384375 0.411858975 0.5 0.4076923078125 0.5072115390625 0.40320512812500003 0.5177884609375 0.4048076921875 0.5264423078125 0.41923076875 0.5360576921875 0.41891025624999995 0.54326923125 0.413141025 0.5538461531250001 0.40416666718750005 0.559134615625 0.4076923078125 0.565865384375 0.4048076921875 0.572596153125 0.41474358906250003 0.58173076875 0.422435896875 0.597115384375 0.42948717968750005 0.6048076921875001 0.4291666671875 0.610096153125 0.4 0.6072115390625 0.3884615390625 0.609134615625 0.37211538437499997 0.621634615625 0.36987179531250003 0.6341346156250001 0.37339743593749997 0.64423076875 0.37660256406250003 0.653365384375 0.3746794875 0.666346153125 0.378525640625 0.671153846875 0.3772435890625 0.677884615625 0.37660256406250003 0.6956730765625 0.3769230765625 0.7014423078124999 0.375 0.7115384609375 0.3727564109375 0.735096153125 0.3772435890625 0.746634615625 0.3541666671875 0.752403846875 0.3429487171875 0.7504807687499999 0.334615384375 0.7072115390625 0.316025640625 0.70576923125 0.3105769234375 0.6961538468749999 0.2980769234375 0.675 0.30384615312499996 0.6706730765625 0.3 0.6649038468749999 0.3 0.6605769234375 0.29711538437499996 0.6451923078124999 0.2945512828125 0.622115384375 0.29326923125 0.60625 0.3019230765625 0.575 0.30608974375 0.558653846875 0.309935896875 0.5533653843749999 0.3195512828125 0.540865384375 0.33141025625 0.5225961531250001 0.3371794875 0.51826923125 0.34358974375 0.5206730765625001 0.35801282031250004 0.514903846875 0.3676282046875 0.50625 0.3772435890625 0.4990384609375 0.38333333281250004 0.48605769218750006 0.3875 0.46634615312500005 0.39423076875 0.4677884609375 0.3897435890625 0.46586538437499997 0.3695512828125 0.44326923125000006 0.3701923078125 0.44038461562500003 0.3804487171875 0.43076923125000005 0.37339743593749997 0.42980769218750003 0.36858974375 0.41923076875 0.3695512828125 0.41201923125000006 0.37788461562500003
0 0.888221153125 0.7320512828125 0.9043269234375 0.725 0.884375 0.68076923125 0.8608173078125001 0.6195512828124999 0.8379807687499999 0.5830128203125 0.825 0.583653846875 0.81610576875 0.5929487171875001 0.815625 0.6083333328125 0.8146634609375001 0.6326923078125 0.8170673078125 0.6516025640625001 0.825721153125 0.6862179484375 0.8350961531250001 0.7160256406250001 0.8449519234375 0.73141025625 0.8572115390624999 0.7375 0.8675480765625 0.7365384609375 0.888221153125 0.7320512828125
0 0.7552884609375 0.5701923078125 0.7519230765625 0.5759615390625 0.7615384609375 0.609615384375 0.7721153843749999 0.6102564109374999 0.7875 0.609294871875 0.7980769234375 0.60673076875 0.8048076921874999 0.5964743593749999 0.8105769234375 0.5858974359375 0.8110576921874999 0.5708333328124999 0.80625 0.55576923125 0.80048076875 0.546153846875 0.79423076875 0.5387820515625 0.7875 0.5358974359374999 0.7802884609375 0.54423076875 0.77451923125 0.54358974375 0.7576923078125 0.541025640625 0.747596153125 0.5455128203124999 0.746153846875 0.5538461531250001 0.75 0.5612179484375 0.7552884609375 0.5701923078125
0 0.893028846875 0.9980769234375 0.9161057687499999 0.999358975 0.9004807687499999 0.9730769234375 0.893028846875 0.9980769234375
0 0.9576923078125 0.14423076875000002 0.94951923125 0.140384615625 0.935096153125 0.140064103125 0.9240384609375001 0.1358974359375 0.9144230765625 0.133974359375 0.9067307687499999 0.1397435890625 0.9004807687499999 0.1458333328125 0.9110576921875 0.159294871875 0.9235576921875 0.158653846875 0.9384615390625 0.1570512828125 0.9514423078125 0.15480769218749998 0.9600961531250001 0.152884615625 0.9576923078125 0.14423076875000002
0 0.7956730765625 0.9169871796875 0.8019230765625001 0.928525640625 0.80625 0.936858975 0.810096153125 0.950641025 0.8168269234375 0.9548076921875 0.8269230765625 0.963141025 0.8377403843750001 0.9496794875000001 0.843028846875 0.9352564109375001 0.839903846875 0.91826923125 0.8341346156249999 0.9070512828125 0.8286057687499999 0.9051282046875 0.8228365390624999 0.9073717953125 0.818028846875 0.908974359375 0.815625 0.9051282046875 0.81923076875 0.8964743593750001 0.8165865390624999 0.8919871796875001 0.7990384609375 0.8858974359375 0.79423076875 0.8980769234375 0.79326923125 0.908653846875 0.7956730765625 0.9169871796875