0 0.859375 0.4620098046875 0.840686275 0.453431371875 0.8170955875000001 0.44934640468750003 0.784313725 0.48080065312500003 0.8140318625 0.5036764703125 0.8391544124999999 0.509803921875 0.8639705875000001 0.491013071875 0.859375 0.4620098046875
0 0.07965686250000001 0.9064542484375 0.072303921875 0.9166666671874999 0.08670343124999999 0.9285130718750001 0.0928308828125 0.9142156859374999 0.0928308828125 0.8962418296875001 0.07965686250000001 0.9064542484375
0 0.49571078437500005 0.7430555562500001 0.41574754843750006 0.6462418296875 0.373774509375 0.604983659375 0.333946078125 0.578431371875 0.294117646875 0.5506535953125 0.242647059375 0.5253267968750001 0.23529411718749998 0.544934640625 0.352022059375 0.6176470593750001 0.40257352968750004 0.6609477125 0.47947303906250005 0.759803921875 0.49571078437500005 0.7430555562500001
0 0.3704044125 0.2565359484375 0.3765318625 0.259395425 0.390625 0.2610294125 0.398897059375 0.2565359484375 0.405024509375 0.249591503125 0.4044117640625 0.23856209218750002 0.39920343125 0.2275326796875 0.36642156875 0.19689542499999999 0.363664215625 0.23284313750000002 0.365196078125 0.24305555625 0.3704044125 0.2565359484375
0 0.3115808828125 0.2263071890625 0.30851715625 0.24142156875 0.3106617640625 0.2577614375 0.32567402031250003 0.2610294125 0.333946078125 0.25857843125 0.34681372499999996 0.252042484375 0.3572303921875 0.242647059375 0.362132353125 0.2271241828125 0.366727940625 0.2254901953125 0.369178921875 0.2173202609375 0.3670343140625 0.20710784375000002 0.3615196078125 0.1989379078125 0.3572303921875 0.187091503125 0.348039215625 0.17320261406249998 0.335477940625 0.16993464062500002 0.30698529375 0.1817810453125 0.3014705875 0.198120915625 0.3109681375 0.2116013078125 0.3115808828125 0.2263071890625
0 0.813725490625 0.392565359375 0.746936275 0.29330065312500003 0.719056371875 0.2982026140625 0.7640931375 0.41135620937499995 0.813725490625 0.392565359375
0 0.612438725 0.43504902031250003 0.6182598046875001 0.421568628125 0.6176470593750001 0.4068627453125 0.6130514703125 0.3921568625 0.6029411765625 0.392565359375 0.5876225484375001 0.39950980468749997 0.5833333328125 0.41789215625000004 0.5876225484375001 0.43504902031250003 0.6056985296875 0.44199346406249995 0.612438725 0.43504902031250003
0 0.437193628125 0.51633986875 0.44822303906250005 0.5302287578125 0.4623161765625 0.5412581703125 0.48008578437500005 0.5486111109375 0.5 0.553104575 0.515318628125 0.5069444437499999 0.4981617640625 0.49346405156250006 0.4834558828125 0.489379084375 0.4635416671875 0.48202614375 0.452818628125 0.482434640625 0.4485294125 0.49468954218750005 0.4368872546875 0.49754902031250003 0.4240196078125 0.48815359531249997 0.4200367640625 0.4783496734375 0.41176470624999995 0.4771241828125 0.405943628125 0.48039215625000004 0.4047181375 0.48978758125 0.40870097968749997 0.491830065625 0.4227941171875 0.508169934375 0.437193628125 0.51633986875
0 0.518688725 0.733251634375 0.53125 0.7365196078125 0.5404411765625 0.7275326796875 0.5422794125 0.7111928109375001 0.5435049015625 0.697303921875 0.5379901953124999 0.6915849671875 0.52726715625 0.686274509375 0.514399509375 0.68831699375 0.5079656859375 0.698120915625 0.5064338234375 0.714460784375 0.512561275 0.7271241828125 0.518688725 0.733251634375
0 0.7680759796875 0.7467320265625 0.745710784375 0.733251634375 0.7239583328125 0.7128267968750001 0.719975490625 0.7258986921874999 0.7475490203125 0.7483660125 0.7745098046875001 0.77573529375 0.78523284375 0.759803921875 0.7680759796875 0.7467320265625
0 0.8495710781250001 0.6642156859375 0.8529411765624999 0.6503267968750001 0.8388480390625 0.641748365625 0.8296568625 0.6642156859375 0.823835784375 0.6633986921874999 0.80851715625 0.652777778125 0.8048406859374999 0.6797385625000001 0.82414215625 0.6801470593750001 0.83976715625 0.6760620921875 0.8495710781250001 0.6642156859375
0 0.80238970625 0.151143790625 0.7953431375 0.14460784375 0.78125 0.1405228765625 0.7751225484375001 0.15073529375 0.80085784375 0.16789215625 0.8115808828125 0.1629901953125 0.80238970625 0.151143790625
0 0.8063725484375001 0.1266339875 0.811274509375 0.1094771234375 0.79289215625 0.11805555625 0.792585784375 0.1123366015625 0.796875 0.10539215625000001 0.776960784375 0.11519607812499999 0.7748161765625 0.1299019609375 0.7876838234375 0.1327614375 0.8063725484375001 0.1266339875
0 0.46139705937500003 0.3529411765625 0.465992646875 0.34150326875000003 0.46139705937500003 0.33700980468749997 0.4540441171875 0.3500817 0.46139705937500003 0.3529411765625
0 0.6859681375 0.8218954249999999 0.6611519609375 0.9158496734374999 0.6798406859375 0.9289215687500001 0.7077205875 0.8267973859375 0.6859681375 0.8218954249999999
0 0.6176470593750001 0.848856209375 0.6176470593750001 0.8602941171875 0.6231617640625 0.963643790625 0.628063725 0.964460784375 0.6204044125 0.8517156859374999 0.6326593140625 0.840277778125 0.6302083328125 0.8337418296875001 0.6176470593750001 0.848856209375
0 0.737438725 0.794117646875 0.7435661765625 0.8080065359375 0.744178921875 0.8419117640625 0.7576593140625 0.8443627453125 0.795649509375 0.8153594765625 0.768382353125 0.7912581703125 0.748774509375 0.7998366015625 0.74601715625 0.78676470625 0.737438725 0.794117646875