0 0.21362433906249997 0.6733630953125 0.2228835984375 0.6671626984375 0.22453703749999998 0.6604662703125 0.214947090625 0.6550099203124999 0.20238095312499998 0.65625 0.1957671953125 0.661954365625 0.19378306875 0.6696428578125 0.1984126984375 0.6728670640625001 0.21362433906249997 0.6733630953125
0 0.28174603125000003 0.3318452375 0.2794312171875 0.32762896874999997 0.2757936515625 0.3244047625 0.26884920625 0.32490079375 0.2638888890625 0.3266369046875 0.266203703125 0.3298611109375 0.2738095234375 0.331101190625 0.28174603125000003 0.3318452375
0 0.5486111109375 0.500248015625 0.5605158734375 0.5054563484375 0.558862434375 0.499751984375 0.5545634921875 0.48784722187499996 0.546957671875 0.4856150796875 0.533730159375 0.48809523749999995 0.5291005296875 0.4908234125 0.525132275 0.4908234125 0.5221560843749999 0.4945436515625 0.5241402109375 0.4987599203125 0.534722221875 0.499751984375 0.5486111109375 0.500248015625
0 0.4427910046875 0.5091765875 0.4457671953125 0.5049603171875 0.44742063437499996 0.49603174531249994 0.4457671953125 0.48759920625 0.4365079359375 0.49131944375 0.43088624375 0.5 0.43187830624999995 0.5047123015625 0.4391534390625 0.5079365078125 0.4427910046875 0.5091765875
0 0.29232804218749997 0.5639880953125 0.2982804234375 0.5607638890625 0.2956349203125 0.5572916671875 0.29100529062499997 0.5558035718750001 0.284391534375 0.559771825 0.2748015875 0.5634920640625001 0.26951058125 0.565228175 0.27017195781250003 0.5706845234375 0.277447090625 0.572420634375 0.285052909375 0.5731646828125 0.29232804218749997 0.5639880953125
0 0.422288359375 0.5384424609375 0.424603175 0.5421626984375 0.43055555625 0.54092261875 0.4328703703125 0.5359623015625 0.428571428125 0.531994046875 0.41997354531250003 0.5265376984375 0.41203703750000004 0.5260416671875 0.403108465625 0.5220734125 0.3948412703125 0.5275297625 0.40410052968750004 0.53125 0.4113756609375 0.531994046875 0.41732804218749997 0.5362103171875 0.422288359375 0.5384424609375
0 0.6200396828125 0.5111607140625 0.6137566140625 0.50967261875 0.6071428578125 0.5106646828125 0.6025132281250001 0.5116567453124999 0.6051587296875 0.51884920625 0.61276455 0.5243055562500001 0.6240079359374999 0.5220734125 0.6240079359374999 0.515625 0.6200396828125 0.5111607140625
0 0.6630290999999999 0.512152778125 0.6679894187500001 0.5069444437499999 0.6640211640625 0.5014880953125 0.653108465625 0.502728175 0.6491402109375 0.5109126984375 0.646825396875 0.512896825 0.6673280421875 0.516369046875 0.6630290999999999 0.512152778125
0 0.6554232796874999 0.5223214281249999 0.6514550265625 0.51612103125 0.6471560843749999 0.5223214281249999 0.6507936515625 0.5265376984375 0.6544312171875 0.5272817453124999 0.6554232796874999 0.5223214281249999
0 0.6646825390625 0.5295138890625 0.6699735453125 0.528521825 0.671957671875 0.5265376984375 0.6802248671875 0.5240575390625 0.677910053125 0.52157738125 0.666005290625 0.5200892859375 0.662367725 0.521825396875 0.6600529093749999 0.5243055562500001 0.6646825390625 0.5295138890625
0 0.5896164015625 0.9308035718750001 0.583664021875 0.934027778125 0.5889550265625 0.9360119046875001 0.6296296296875 0.958829365625 0.6296296296875 0.956101190625 0.590608465625 0.9332837296875001 0.5896164015625 0.9308035718750001
0 0.1851851859375 0.940228175 0.1835317453125 0.93799603125 0.13988095312499998 0.912450396875 0.13723544999999998 0.915674603125 0.18154761875 0.9414682546875 0.1851851859375 0.940228175
0 0.5960341953125 0.8150352734374999 0.5963771312499999 0.8160273374999999 0.5959362140625 0.8163029093749999 0.596095434375 0.8172857875 0.5958382328125 0.817570546875 0.5964873609375 0.8185442390625 0.5958137375 0.8185442390625 0.59564226875 0.8201058203124999 0.5952503421875 0.8210611406250001 0.5955442875 0.8213734562499999 0.5949686453125 0.8223195921875 0.5954463062500001 0.82264109375 0.5946869484375 0.8235780421875001 0.595348325 0.8239087296875001 0.5944052515625 0.82483649375 0.5952503421875 0.8251763671875001 0.5941235546875 0.82609494375 0.5951523609375 0.826444003125 0.5938418578125 0.8273533953125 0.5950543796875001 0.827711640625 0.5935601609375001 0.8286118453125001 0.5949563984374999 0.8289792765625 0.5932784640625 0.829870296875 0.5948584171875 0.8302469140625 0.5950176359375 0.8311287484375001 0.5947604359375 0.83151455 0.5929967671874999 0.8311287484375001 0.5896164015625 0.846230159375 0.590939153125 0.8487103171875001 0.5920965609375 0.8474702375 0.59358465625 0.846726190625 0.59325396875 0.846230159375 0.5938208625 0.8454861109375 0.5935111703125 0.8449625218750001 0.5940570671875001 0.84424603125 0.59378061875 0.8441909171875001 0.5935479124999999 0.84371325625 0.5942932734374999 0.843005953125 0.5938786015625 0.84292328125 0.5936948859375 0.8424548062499999 0.5940255734375001 0.8424272484375 0.594529478125 0.8417658734375 0.5939765828125 0.84165564375 0.5938418578125 0.8411963546875001 0.594282775 0.8411596125 0.5940745640625 0.8403880062500001 0.594765684375 0.84052579375 0.5945399765625 0.8398919749999999 0.5950018890625 0.8392857140625001 0.5941725453125 0.8391203703125001 0.594135803125 0.838679453125 0.594797178125 0.8386243390624999 0.5952380953125 0.838045634375 0.5950543796875001 0.8373567015625 0.5954743015624999 0.8368055562500001 0.59531158125 0.836089065625 0.59571050625 0.8355654765624999 0.5955687828125 0.8348214281249999 0.5959467125 0.834325396875 0.595825984375 0.8335537921875 0.5961829171875 0.8330853171875001 0.5960831859375 0.8322861546875 0.5964191234375 0.8318452375 0.5963403875 0.83101851875 0.596655328125 0.830605159375 0.5965975890624999 0.8297508812500001 0.596891534375 0.8293650796875 0.596854790625 0.8284832453125001 0.597127740625 0.828125 0.59711199375 0.8272156078125 0.5973639453125 0.8268849203125 0.59736919375 0.825947971875 0.5976001515625 0.825644840625 0.6001984125 0.81200396875 0.596230159375 0.8125 0.596940525 0.8135104343749999 0.5961321765625 0.8137676359375 0.596658828125 0.8147688859375 0.5960341953125 0.8150352734374999
0 0.2208994703125 0.7542162703125 0.17625661406249998 0.7418154765625 0.2195767203125 0.7566964281249999 0.21924603125000003 0.7591765875 0.22453703749999998 0.7547123015625 0.2208994703125 0.7542162703125