0 0.26194852968750004 0.38194444375000003 0.2751225484375 0.390931371875 0.2922794125 0.3958333328125 0.349571078125 0.3790849671875 0.3799019609375 0.37132352968750004 0.38817402031250003 0.36478758125 0.3921568625 0.34722222187499996 0.3921568625 0.32883986875 0.38694852968750004 0.31331699375 0.37898284375 0.304330065625 0.3655024515625 0.2990196078125 0.3030024515625 0.311274509375 0.299632353125 0.31576797343749996 0.2953431375 0.321486928125 0.28431372499999996 0.32271241875 0.2702205875 0.3333333328125 0.26807597968749997 0.3374183 0.26899509843749997 0.3431372546875 0.25704656875 0.3525326796875 0.255821078125 0.366013071875 0.26194852968750004 0.38194444375000003
0 0.26960784375 0.3329248359375 0.284007353125 0.323120915625 0.29381127500000004 0.32107843125 0.2974877453125 0.3174019609375 0.2990196078125 0.311274509375 0.2962622546875 0.303104575 0.288602940625 0.2953431375 0.2818627453125 0.294934640625 0.27573529375 0.2982026140625 0.2674632359375 0.3108660125 0.26164215625 0.32107843125 0.2564338234375 0.3296568625 0.254289215625 0.33986928125000004 0.2561274515625 0.35049019531250003 0.268382353125 0.3435457515625 0.2677696078125 0.3374183 0.26960784375 0.3329248359375
0 0.348039215625 0.46241830000000006 0.3587622546875 0.44444444375 0.3532475484375 0.445669934375 0.348039215625 0.44362745156249994 0.3422181375 0.4505718953125 0.3345588234375 0.45751634062499996 0.326899509375 0.4583333328125 0.3216911765625 0.4607843140625 0.332414215625 0.4673202609375 0.3376225484375 0.4673202609375 0.344056371875 0.46241830000000006 0.348039215625 0.46241830000000006
0 0.3982843140625 0.2875817 0.40962009843749997 0.28472222187499996 0.43995097968749997 0.267565359375 0.4479166671875 0.259395425 0.454350490625 0.242647059375 0.4623161765625 0.23570261406249998 0.4623161765625 0.22916666718749998 0.4577205875 0.22426470625 0.44975490156250003 0.223856209375 0.4442401953125 0.222222221875 0.43412990156250003 0.2169117640625 0.42800245156249994 0.2181372546875 0.38664215625 0.234068628125 0.38204656875 0.23774509843749997 0.3765318625 0.248774509375 0.375 0.26021241875 0.3765318625 0.2671568625 0.3811274515625 0.2810457515625 0.38694852968750004 0.285539215625 0.3982843140625 0.2875817
0 0.46323529375000005 0.22916666718749998 0.4577205875 0.223039215625 0.4537377453125 0.2258986921875 0.4577205875 0.23039215624999998 0.45863970624999995 0.23815359531250002 0.46323529375000005 0.23570261406249998 0.46323529375000005 0.22916666718749998
0 0.4598651953125 0.783905228125 0.44485294062499997 0.776143790625 0.438725490625 0.7736928109375001 0.43259803906250005 0.7896241828125 0.42738970624999995 0.8075980390625 0.4375 0.81168300625 0.46017156875 0.7908496734375 0.4598651953125 0.783905228125
0 0.6786151953124999 0.3880718953125 0.68351715625 0.3888888890625 0.7208946078125 0.4044117640625 0.72886029375 0.40890522812499996 0.7395833328125 0.4162581703125 0.7533700984375 0.4236111109375 0.88051470625 0.43259803906250005 0.8857230390625 0.428513071875 0.8887867640625 0.43218954218750005 0.8939950984375 0.43014705937500003 0.9044117640625 0.420751634375 0.9111519609375 0.3958333328125 0.9129901953124999 0.3615196078125 0.907475490625 0.34640522812499996 0.8988970593750001 0.33986928125000004 0.8884803921875 0.337826796875 0.7892156859375 0.3333333328125 0.7619485296875 0.332516340625 0.74601715625 0.3366013078125 0.72886029375 0.34681372499999996 0.7196691171875 0.348039215625 0.704350490625 0.3541666671875 0.683210784375 0.3619281046875 0.6703431375 0.35866013125 0.6685049015625 0.3905228765625 0.6786151953124999 0.3880718953125
0 0.668811275 0.3892973859375 0.6780024515624999 0.3892973859375 0.6810661765625 0.3607026140625 0.669117646875 0.3578431375 0.668811275 0.3892973859375
0 0.7450980390625 0.3357843140625 0.759803921875 0.33210784375 0.765318628125 0.33210784375 0.8198529406249999 0.3337418296875 0.8262867640625 0.3329248359375 0.8302696078125 0.3235294125 0.8290441171875 0.30964052343750004 0.82414215625 0.2990196078125 0.8177083328125001 0.296568628125 0.8118872546875 0.2982026140625 0.8039215687500001 0.2973856203125 0.795649509375 0.2920751640625 0.7879901953124999 0.28799019531250003 0.73988970625 0.28676470625 0.7239583328125 0.2859477125 0.7162990203125 0.28799019531250003 0.7083333328125 0.2973856203125 0.7052696078125 0.30882352968750004 0.7040441171875 0.322303921875 0.705882353125 0.3361928109375 0.7150735296875 0.3484477125 0.719975490625 0.3484477125 0.7297794125 0.34681372499999996 0.7450980390625 0.3357843140625
0 0.8216911765624999 0.3337418296875 0.8262867640625 0.3333333328125 0.8299632359375 0.3259803921875 0.830882353125 0.3125 0.8272058828125 0.303104575 0.82414215625 0.2973856203125 0.8192401953124999 0.2953431375 0.8149509796875 0.2969771234375 0.8100490203125 0.31535947656249996 0.8100490203125 0.3259803921875 0.8146446078125 0.330065359375 0.8216911765624999 0.3337418296875
0 0.8174019609375 0.8533496734374999 0.8370098046875001 0.8533496734374999 0.8446691171875 0.8594771234374999 0.8529411765624999 0.8619281046875 0.8664215687500001 0.858251634375 0.876225490625 0.8635620921875 0.8881740203125 0.8627450984375 0.905024509375 0.8545751640624999 0.8995098046875001 0.8496732031249999 0.8820465687500001 0.8361928109375001 0.86335784375 0.8227124187499999 0.8535539218749999 0.812091503125 0.8495710781250001 0.79616013125 0.842524509375 0.7810457515625 0.83210784375 0.7540849671875 0.8265931375 0.7385620921875 0.828431371875 0.7283496734375 0.8348651953124999 0.722222221875 0.8318014703125 0.713643790625 0.8213848046875001 0.7189542484375 0.8106617640625 0.7275326796875 0.8045343140625001 0.7279411765625 0.7889093140625 0.7283496734375 0.7763480390625 0.734068628125 0.7478553921875 0.741830065625 0.731311275 0.7467320265625 0.7126225484375001 0.740196078125 0.7068014703125 0.741830065625 0.6985294125 0.752042484375 0.6969975484375001 0.7655228765625 0.6969975484375001 0.7810457515625 0.718443628125 0.796568628125 0.7251838234375 0.796568628125 0.7552083328125 0.8198529406249999 0.768688725 0.83047385625 0.7837009796875 0.8439542484375 0.7990196078125 0.84763071875 0.8079044124999999 0.85539215625 0.815563725 0.8619281046875 0.8174019609375 0.8533496734374999
0 0.7123161765625 0.7389705875 0.706188725 0.74142156875 0.69761029375 0.7516339875 0.6966911765625 0.76633986875 0.697303921875 0.7798202609375 0.71323529375 0.7912581703125 0.71323529375 0.7716503265625 0.7141544125 0.7569444437499999 0.7205882359375 0.7438725484375001 0.7123161765625 0.7389705875
0 0.280943628125 0.061683006250000005 0.2735906859375 0.0596405234375 0.271446078125 0.06903594843750001 0.27450980468749997 0.0735294125 0.276960784375 0.0841503265625 0.2873774515625 0.0845588234375 0.28676470625 0.0759803921875 0.280943628125 0.061683006250000005