0 0.6056666671875 0.12725 0.6016666671875 0.1275 0.604 0.13525 0.6073333328125 0.133 0.6056666671875 0.12725
0 0.5093333328125 0.191 0.496 0.1935 0.499 0.197 0.5096666671875 0.1935 0.5093333328125 0.191
0 0.6363333328125 0.20750000000000002 0.618 0.2015 0.6153333328125 0.20425 0.634 0.211 0.6363333328125 0.20750000000000002
0 0.6566666671875 0.20425 0.6426666671875 0.20325000000000001 0.6426666671875 0.20725 0.6553333328125001 0.20800000000000002 0.6566666671875 0.20425
0 0.5646666671875 0.2545 0.5493333328125 0.25 0.5473333328125001 0.25325000000000003 0.5606666671875 0.257 0.5646666671875 0.2545
0 0.596 0.22925 0.592 0.229 0.5866666671874999 0.23525000000000001 0.5923333328125 0.236 0.596 0.22925
0 0.6253333328124999 0.22749999999999998 0.6273333328125 0.22400000000000003 0.626 0.221 0.6213333328124999 0.22599999999999998 0.6253333328124999 0.22749999999999998
0 0.6696666671875 0.21600000000000003 0.6766666671875 0.22549999999999998 0.6833333328125 0.22349999999999998 0.6753333328125 0.21525 0.6696666671875 0.21600000000000003
0 0.7483333328125 0.23399999999999999 0.756 0.244 0.7606666671875 0.2415 0.754 0.23325 0.7483333328125 0.23399999999999999
0 0.671 0.2105 0.687 0.2145 0.6893333328125 0.21200000000000002 0.6753333328125 0.209 0.671 0.2105
0 0.778 0.24425 0.7633333328125 0.24325000000000002 0.7646666671875 0.248 0.778 0.24700000000000003 0.778 0.24425
0 0.7606666671875 0.0895 0.7466666671875 0.0875 0.7443333328125 0.09025 0.758 0.093 0.7606666671875 0.0895
0 0.7723333328125 0.22949999999999998 0.78 0.23900000000000002 0.786 0.23725000000000002 0.7776666671875 0.227 0.7723333328125 0.22949999999999998
0 0.3696666671875 0.025 0.3576666671875 0.0225 0.3576666671875 0.025500000000000002 0.366 0.028000000000000004 0.3696666671875 0.025
0 0.5016666671875 0.015 0.5083333328124999 0.02025 0.5126666671875 0.018 0.5053333328125 0.013250000000000001 0.5016666671875 0.015
0 0.564 0.013500000000000002 0.5533333328125 0.0115 0.5523333328125 0.014249999999999999 0.563 0.01625 0.564 0.013500000000000002
0 0.5203333328124999 0.01225 0.5113333328125 0.013500000000000002 0.514 0.01625 0.5206666671875 0.01525 0.5203333328124999 0.01225
0 0.716 0.29075 0.716 0.29975 0.7190000000000001 0.30175 0.7206666671875 0.29075 0.716 0.29075
0 0.5986666671875 0.318 0.595 0.308 0.5896666671874999 0.3085 0.5946666671874999 0.3185 0.5986666671875 0.318
0 0.44966666718750004 0.44275000000000003 0.4246666671875 0.44299999999999995 0.42400000000000004 0.4495 0.44966666718750004 0.4465 0.44966666718750004 0.44275000000000003
0 0.3526666671875 0.45499999999999996 0.335 0.462 0.33799999999999997 0.466 0.356 0.45975 0.3526666671875 0.45499999999999996
0 0.42000000000000004 0.44175000000000003 0.4 0.454 0.404 0.4585 0.42433333281249996 0.44699999999999995 0.42000000000000004 0.44175000000000003
0 0.58 0.4265 0.564 0.43274999999999997 0.5706666671875 0.43574999999999997 0.5833333328125 0.43075 0.58 0.4265
0 0.7736666671875 0.40175 0.7536666671875001 0.39975 0.7553333328125 0.40475000000000005 0.7723333328125 0.40675 0.7736666671875 0.40175
0 0.8053333328125 0.281 0.8230000000000001 0.28275 0.8246666671874999 0.279 0.806 0.277 0.8053333328125 0.281
0 0.2013333328125 0.29474999999999996 0.175 0.29775 0.179 0.3015 0.20433333281250002 0.29874999999999996 0.2013333328125 0.29474999999999996
0 0.1646666671875 0.29525 0.1686666671875 0.30375 0.1766666671875 0.3025 0.17133333281250002 0.29375 0.1646666671875 0.29525
0 0.184 0.3025 0.16999999999999998 0.3045 0.1706666671875 0.30775 0.1853333328125 0.30525 0.184 0.3025
0 0.2233333328125 0.2915 0.21600000000000003 0.2895 0.211 0.2995 0.2176666671875 0.3005 0.2233333328125 0.2915
0 0.524 0.8494999999999999 0.49633333281249997 0.8435 0.495 0.84925 0.5216666671875 0.8567500000000001 0.524 0.8494999999999999
0 0.5346666671875 0.8772500000000001 0.528 0.8692500000000001 0.4993333328125 0.8925000000000001 0.5096666671875 0.89825 0.5346666671875 0.8772500000000001
0 0.6373333328124999 0.68125 0.6283333328125 0.67925 0.6213333328124999 0.69725 0.6296666671875 0.6980000000000001 0.6373333328124999 0.68125
0 0.6286666671875001 0.629 0.6166666671875001 0.615 0.6126666671875001 0.617 0.623 0.63025 0.6286666671875001 0.629
0 0.42699999999999994 0.54025 0.4373333328125 0.53325 0.438 0.52425 0.4146666671875 0.518 0.30333333281249997 0.54575 0.3206666671875 0.58275 0.44299999999999995 0.5469999999999999 0.42699999999999994 0.54025
0 0.426 0.6559999999999999 0.5296666671875 0.71725 0.5519999999999999 0.7032499999999999 0.567 0.682 0.46699999999999997 0.622 0.44400000000000006 0.619 0.38533333281250004 0.59175 0.3723333328125 0.59975 0.42300000000000004 0.63725 0.426 0.6559999999999999
0 0.782 0.8195 0.8693333328125 0.8154999999999999 0.8766666671875001 0.8109999999999999 0.8806666671875 0.79625 0.8773333328125 0.783 0.8643333328124999 0.77425 0.7683333328125 0.77725 0.748 0.787 0.6706666671875 0.79425 0.675 0.81125 0.7553333328125 0.81325 0.782 0.8195
0 0.2133333328125 0.9167500000000001 0.2813333328125 0.924 0.2866666671875 0.9077500000000001 0.2526666671875 0.89725 0.22200000000000003 0.8859999999999999 0.20299999999999999 0.87375 0.1486666671875 0.8630000000000001 0.1483333328125 0.9099999999999999 0.1826666671875 0.91975 0.2133333328125 0.9167500000000001
0 0.1923333328125 0.34025 0.20400000000000001 0.33625 0.2073333328125 0.33075 0.2073333328125 0.32275 0.20433333281250002 0.31425000000000003 0.192 0.31124999999999997 0.1493333328125 0.309 0.15 0.335 0.176 0.33799999999999997 0.1923333328125 0.34025
0 0.572 0.40175 0.5853333328125 0.3855 0.5846666671875 0.381 0.5273333328125 0.3625 0.508 0.382 0.5573333328125 0.40149999999999997 0.572 0.40175
0 0.41200000000000003 0.59975 0.45766666718750004 0.57475 0.44333333281250004 0.5565 0.43666666718749997 0.5505 0.40199999999999997 0.561 0.38133333281250004 0.5685 0.382 0.575 0.39 0.5865 0.396 0.593 0.41200000000000003 0.59975
0 0.312 0.50975 0.3286666671875 0.51775 0.3526666671875 0.5215 0.375 0.50825 0.383 0.49824999999999997 0.37733333281250003 0.48650000000000004 0.3653333328125 0.48475 0.3376666671875 0.4835 0.33199999999999996 0.49050000000000005 0.32 0.4915 0.308 0.49524999999999997 0.312 0.50975
0 0.8003333328125001 0.45099999999999996 0.826 0.42000000000000004 0.8320000000000001 0.41075 0.8403333328124999 0.40275 0.8286666671875 0.4025 0.8166666671874999 0.40774999999999995 0.819 0.41950000000000004 0.7966666671875 0.45175 0.8003333328125001 0.45099999999999996