0 0.5791666671875 0.5173076921875001 0.39358974375 0.596875 0.47083333281249995 0.715625 0.66858974375 0.6110576921875001 0.5791666671875 0.5173076921875001
0 0.4458333328125 0.41875 0.3375 0.45144230781249994 0.375 0.5326923078125 0.48974358906250004 0.4985576921875 0.4458333328125 0.41875
0 0.4625 0.246875 0.3416666671875 0.2826923078125 0.4 0.3423076921875 0.5125 0.30144230781250003 0.4625 0.246875
0 0.8102564109375001 0.2076923078125 0.7458333328125 0.24230769218749998 0.84358974375 0.2951923078125 0.8958333328125001 0.253125 0.8102564109375001 0.2076923078125
0 0.2791666671875 0.42980769218750003 0.14358974375 0.46394230781249995 0.1833333328125 0.5326923078125 0.30641025625 0.48269230781249994 0.2791666671875 0.42980769218750003
0 0.4480769234375 0.8014423078125 0.36666666718749996 0.84375 0.40416666718750005 0.8985576921874999 0.4875 0.846875 0.4480769234375 0.8014423078125
0 0.6708333328125 0.375 0.5416666671875 0.4173076921875 0.6397435890625001 0.521875 0.7480769234375 0.4576923078125 0.6708333328125 0.375
0 0.5314102562499999 0.153125 0.43141025624999996 0.18605769218749998 0.4852564109375 0.2389423078125 0.5666666671875 0.21875 0.5314102562499999 0.153125
0 0.7791666671875 0.1360576921875 0.6980769234374999 0.1610576921875 0.7375 0.20625 0.8147435890624999 0.18125 0.7791666671875 0.1360576921875
0 0.3416666671875 0.7048076921875001 0.1897435890625 0.76875 0.24807692343749999 0.8451923078125001 0.40416666718750005 0.778125 0.3416666671875 0.7048076921875001
0 0.029166667187500002 0.7326923078124999 0.1458333328125 0.634375 0.051923076562500003 0.6173076921875 0.0019230765625 0.684375 0.029166667187500002 0.7326923078124999
0 0.3730769234375 0.171875 0.3166666671875 0.184375 0.3375 0.22019230781250002 0.38333333281250004 0.2048076921875 0.3730769234375 0.171875
0 0.00641025625 0.553125 0.11025641093750001 0.5125 0.08974358906249999 0.478125 0.0019230765625 0.509375 0.00641025625 0.553125