0 0.278508771875 0.50575 0.313596490625 0.49974999999999997 0.319078946875 0.49000000000000005 0.298793859375 0.471 0.280153509375 0.45599999999999996 0.2631578953125 0.44775 0.24451754375 0.44725000000000004 0.24616228125 0.4545 0.2450657890625 0.46699999999999997 0.2532894734375 0.47275 0.2549342109375 0.485 0.278508771875 0.50575
0 0.3223684203125 0.42800000000000005 0.2828947375 0.43949999999999995 0.337171053125 0.4525 0.36896929843750004 0.44675000000000004 0.368421053125 0.438 0.3223684203125 0.42800000000000005
0 0.39912280624999996 0.4295 0.3744517546875 0.42925 0.368421053125 0.454 0.3930921046875 0.45725 0.4473684203125 0.4505 0.456688596875 0.45099999999999996 0.46217105312499995 0.44349999999999995 0.449561403125 0.44349999999999995 0.423793859375 0.43224999999999997 0.39912280624999996 0.4295
0 0.3311403515625 0.42575 0.36951754375 0.4325 0.45175438593750006 0.44025 0.46271929843750004 0.442 0.46271929843750004 0.43475 0.370614034375 0.41550000000000004 0.3349780703125 0.42300000000000004 0.3311403515625 0.42575
0 0.571820175 0.42824999999999996 0.5657894734375 0.425 0.5515350875 0.42325 0.5416666671875 0.4255 0.5361842109375 0.42525 0.5317982453125001 0.4375 0.5400219296875 0.44225000000000003 0.5630482453125001 0.43600000000000005 0.571820175 0.42824999999999996
0 0.46929824531250003 0.39725 0.537828946875 0.41200000000000003 0.521929825 0.41600000000000004 0.4895833328125 0.41425 0.46655701718750003 0.41100000000000003 0.436403509375 0.39925 0.3908991234375 0.41050000000000003 0.40679824531250003 0.4175 0.4533991234375 0.42824999999999996 0.469846490625 0.4305 0.4791666671875 0.43574999999999997 0.5296052625 0.43925000000000003 0.535635965625 0.42350000000000004 0.56798245625 0.42400000000000004 0.5805921046875 0.4255 0.5959429828125 0.43324999999999997 0.594846490625 0.438 0.59758771875 0.44299999999999995 0.6189692984375 0.4585 0.62883771875 0.4605 0.6310307015625 0.45199999999999996 0.6173245609375 0.4425 0.6200657890625 0.43025 0.673793859375 0.43550000000000005 0.6875 0.43775000000000003 0.71326754375 0.44575 0.7297149125 0.44925 0.7478070171875 0.44275000000000003 0.723135965625 0.4405 0.6962719296875 0.43525 0.7083333328125 0.4295 0.7236842109375 0.43075 0.7368421046875 0.43525 0.7532894734375 0.4365 0.7691885968750001 0.43 0.7658991234375 0.4255 0.7620614031249999 0.41375 0.7516447375 0.3975 0.7669956140624999 0.395 0.763706140625 0.37825000000000003 0.7494517546874999 0.37 0.7423245609375 0.36575 0.7313596484375 0.368 0.7236842109375 0.362 0.7017543859375001 0.355 0.7061403515625 0.353 0.7001096484375 0.35175 0.6880482453125001 0.34825 0.6798245609375 0.34900000000000003 0.6584429828125 0.34875 0.6134868421874999 0.34825 0.6107456140624999 0.35625 0.523026315625 0.385 0.5126096484375 0.39049999999999996 0.486293859375 0.38675000000000004 0.46929824531250003 0.39725
0 0.80866228125 0.5157499999999999 0.83826754375 0.51825 0.8349780703125 0.5125 0.81962719375 0.505 0.803179825 0.49725 0.79605263125 0.49349999999999994 0.820723684375 0.48200000000000004 0.8130482453125 0.47675 0.7933114031249999 0.46925 0.771929825 0.465 0.7291666671875 0.46325000000000005 0.688596490625 0.46449999999999997 0.6584429828125 0.46825 0.6502192984375 0.47050000000000003 0.6326754390625 0.47225 0.622258771875 0.46075 0.6145833328125 0.46849999999999997 0.5915570171875 0.46699999999999997 0.580043859375 0.47325 0.5674342109375 0.475 0.5422149125 0.47275 0.52741228125 0.47400000000000003 0.5208333328125 0.48150000000000004 0.5290570171875 0.48425 0.548793859375 0.48025 0.570723684375 0.49175 0.594846490625 0.5045 0.7072368421874999 0.5395 0.7796052625 0.51825 0.7889254390625 0.51475 0.80866228125 0.5157499999999999
0 0.8245614031249999 0.3305 0.8278508765625 0.325 0.82894736875 0.32025000000000003 0.8146929828125 0.3185 0.8146929828125 0.31575000000000003 0.7834429828125 0.312 0.7779605265625 0.3145 0.790570175 0.33275 0.8103070171875 0.353 0.8229166671874999 0.33975 0.8245614031249999 0.3305
0 0.74451754375 0.33575 0.719846490625 0.343 0.7604166671875 0.36175 0.8004385968750001 0.35125 0.7998903515625 0.3415 0.74451754375 0.33575
0 0.002741228125 0.00075 0.00383771875 0.33775 0.054276315625 0.404 0.230811403125 0.44575 0.9451754390625 0.27075 0.9599780703125 0.2265 0.9057017546875 0.2145 0.9698464906250001 0.00125 0.002741228125 0.00075
0 0.1271929828125 0.604 0.1419956140625 0.61975 0.15625 0.6165 0.1474780703125 0.6005 0.1271929828125 0.604
0 0.4599780703125 0.476 0.486293859375 0.476 0.49451754374999995 0.46699999999999997 0.47313596562500004 0.45 0.4270833328125 0.454 0.4270833328125 0.46875 0.4599780703125 0.476
0 0.5071271937499999 0.45824999999999994 0.5180921046875 0.46175 0.5191885968750001 0.475 0.5734649125 0.47275 0.60855263125 0.46299999999999997 0.5888157890625 0.44800000000000006 0.54605263125 0.4535 0.5317982453125001 0.44749999999999995 0.5076754390625 0.4535 0.5071271937499999 0.45824999999999994
0 0.851973684375 0.3005 0.83662280625 0.29775 0.8327850874999999 0.3015 0.8256578953125 0.31825000000000003 0.8558114031249999 0.3145 0.86019736875 0.30274999999999996 0.851973684375 0.3005
0 0.6595394734375 0.34675 0.7083333328125 0.35150000000000003 0.723135965625 0.34575 0.75548245625 0.3355 0.780153509375 0.32825000000000004 0.7796052625 0.319 0.7598684203125 0.3165 0.6595394734375 0.34675
0 0.883223684375 0.40875000000000006 0.875 0.41125 0.8739035093749999 0.41500000000000004 0.8876096484374999 0.41624999999999995 0.888706140625 0.41125 0.883223684375 0.40875000000000006
0 0.8881578953125 0.42374999999999996 0.89144736875 0.41925 0.8580043859375 0.4175 0.8157894734375001 0.42024999999999996 0.821820175 0.42300000000000004 0.853070175 0.42125 0.8881578953125 0.42374999999999996