0 0.3136666671875 0.42774999999999996 0.309 0.42675 0.304 0.42750000000000005 0.2986666671875 0.43125 0.2943333328125 0.434 0.286 0.4465 0.2893333328125 0.4465 0.294 0.44625000000000004 0.2996666671875 0.4485 0.3083333328125 0.45175 0.322 0.4425 0.3223333328125 0.43550000000000005 0.3193333328125 0.43125 0.3136666671875 0.42774999999999996
0 0.665 0.5627500000000001 0.6533333328125 0.5665 0.647 0.5667500000000001 0.6443333328125 0.5685 0.6463333328124999 0.5742499999999999 0.653 0.575 0.657 0.57775 0.6679999999999999 0.58025 0.706 0.58375 0.7146666671874999 0.57775 0.7106666671874999 0.568 0.7063333328125 0.5662499999999999 0.665 0.5627500000000001
0 0.724 0.53125 0.7030000000000001 0.5375 0.6996666671875 0.5417500000000001 0.7003333328125 0.5445 0.7233333328125 0.54375 0.7243333328125 0.55 0.7446666671875 0.54825 0.767 0.544 0.7976666671875 0.53425 0.7929999999999999 0.5195000000000001 0.7856666671875 0.5157499999999999 0.774 0.5175 0.724 0.53125
0 0.6803333328125001 0.465 0.6946666671874999 0.46975 0.717 0.46224999999999994 0.7150000000000001 0.4575 0.706 0.45099999999999996 0.6953333328125 0.449 0.6803333328125001 0.465
0 0.638 0.36974999999999997 0.6383333328125 0.38175 0.6476666671875 0.3915 0.6559999999999999 0.389 0.6866666671874999 0.3875 0.6719999999999999 0.3625 0.6663333328125 0.361 0.6476666671875 0.36425 0.638 0.36974999999999997
0 0.6046666671875001 0.3545 0.6013333328125 0.357 0.5976666671875 0.3565 0.5946666671874999 0.35924999999999996 0.5943333328125 0.36225 0.601 0.36974999999999997 0.6093333328125 0.36475 0.6156666671875 0.35875 0.6226666671875 0.35675 0.63 0.354 0.6236666671875 0.34625 0.618 0.3485 0.6136666671875 0.35150000000000003 0.6046666671875001 0.3545
0 0.5683333328125 0.36124999999999996 0.5519999999999999 0.364 0.5543333328125 0.36974999999999997 0.5713333328125 0.372 0.5886666671875 0.37225 0.5936666671874999 0.3695 0.5893333328125 0.3635 0.5786666671875 0.36225 0.5683333328125 0.36124999999999996
0 0.6163333328125 0.53225 0.614 0.54075 0.65 0.54125 0.642 0.5275000000000001 0.625 0.52125 0.6186666671875 0.53 0.6033333328125 0.53025 0.6033333328125 0.53275 0.6163333328125 0.53225
0 0.6596666671875 0.538 0.7053333328125 0.5245 0.6656666671875 0.50875 0.641 0.51925 0.6596666671875 0.538
0 0.597 0.5455 0.6083333328125 0.5469999999999999 0.61 0.55175 0.622 0.55525 0.6293333328124999 0.55025 0.6196666671875 0.54225 0.6066666671875 0.54075 0.597 0.5455
0 0.7166666671875 0.56825 0.7266666671875 0.5660000000000001 0.7110000000000001 0.554 0.6983333328125 0.55525 0.6846666671875 0.5425 0.6723333328125001 0.5417500000000001 0.658 0.54975 0.6606666671875 0.55725 0.6900000000000001 0.5625 0.7166666671875 0.56825