0 0.16 0.0095 0.1543333328125 0.001 0.10633333281249999 0.0015 0.10166666718749999 0.00275 0.142 0.019 0.16 0.0095
0 0.2113333328125 0.11925 0.19 0.08375 0.173 0.072 0.1496666671875 0.07625 0.147 0.07825 0.1836666671875 0.12475 0.2113333328125 0.11925
0 0.187 0.16825 0.15 0.17450000000000002 0.148 0.1765 0.157 0.186 0.17233333281250002 0.1855 0.1963333328125 0.18175 0.187 0.16825
0 0.0783333328125 0.20550000000000002 0.089 0.19675 0.0893333328125 0.1875 0.078 0.17625 0.05933333281249999 0.1805 0.05 0.17625 0.039333332812499996 0.1855 0.0293333328125 0.19624999999999998 0.0276666671875 0.205 0.0006666671875 0.21000000000000002 0.0003333328125 0.2445 0.036 0.23975 0.046 0.23424999999999999 0.05600000000000001 0.22525 0.0783333328125 0.20550000000000002
0 0.036 0.27 0.0376666671875 0.2765 0.059 0.27275 0.053000000000000005 0.26575000000000004 0.036 0.27
0 0.5026666671875 0.34375 0.49800000000000005 0.33199999999999996 0.4823333328125 0.331 0.4766666671875 0.32725 0.453 0.32325 0.373 0.373 0.362 0.3935 0.386 0.4035 0.43833333281250003 0.391 0.5026666671875 0.34375
0 0.3603333328125 0.54025 0.3883333328125 0.5247499999999999 0.37966666718750003 0.5025000000000001 0.3423333328125 0.47450000000000003 0.29733333281249996 0.43975 0.248 0.4445 0.2383333328125 0.46125 0.2773333328125 0.49450000000000005 0.321 0.5287499999999999 0.3603333328125 0.54025
0 0.251 0.83475 0.24133333281249997 0.8140000000000001 0.205 0.80375 0.1583333328125 0.8185 0.1676666671875 0.85625 0.198 0.87675 0.2286666671875 0.86575 0.251 0.83475
0 0.07466666718750001 0.90425 0.0526666671875 0.8835000000000001 0.0046666671875 0.8985 0.0013333328125 0.9775 0.031333332812499996 0.95625 0.07466666718750001 0.90425
0 0.1653333328125 0.858 0.0923333328125 0.89725 0.059 0.9087500000000001 0.0063333328125 0.9164999999999999 0.0026666671875 0.9960000000000001 0.0946666671875 0.99875 0.1236666671875 0.96775 0.11133333281249999 0.951 0.10933333281249999 0.91225 0.1653333328125 0.858
0 0.7933333328125001 0.8685 0.7843333328125001 0.87225 0.8003333328125001 0.8947499999999999 0.807 0.88925 0.7933333328125001 0.8685
0 0.843 0.8800000000000001 0.8496666671875 0.8887499999999999 0.873 0.88225 0.8699999999999999 0.8755000000000001 0.843 0.8800000000000001
0 0.9949999999999999 0.8067500000000001 0.968 0.8185 0.993 0.8574999999999999 0.9986666671875 0.8554999999999999 0.9949999999999999 0.8067500000000001
0 0.8786666671875001 0.58925 0.842 0.54575 0.8373333328125 0.5467500000000001 0.8736666671875 0.5905 0.876 0.6002500000000001 0.882 0.6012500000000001 0.8786666671875001 0.58925
0 0.7833333328125 0.03925 0.769 0.041499999999999995 0.7733333328125 0.05125 0.8 0.060750000000000005 0.8086666671874999 0.04325 0.7833333328125 0.03925