0 0.2226666671875 0.58675 0.298 0.5365 0.3063333328125 0.523 0.2866666671875 0.50875 0.26 0.5145 0.179 0.56075 0.1663333328125 0.5782499999999999 0.16499999999999998 0.58175 0.18 0.595 0.2226666671875 0.58675
0 0.37 0.56775 0.3203333328125 0.5835 0.242 0.63475 0.2573333328125 0.6525000000000001 0.33799999999999997 0.622 0.392 0.585 0.37 0.56775
0 0.8300000000000001 0.73675 0.8009999999999999 0.706 0.7806666671875 0.70525 0.733 0.7222500000000001 0.7006666671875 0.74175 0.675 0.768 0.6946666671874999 0.7875 0.7230000000000001 0.77975 0.7426666671875 0.7755 0.8300000000000001 0.73675
0 0.8039999999999999 0.6995 0.8033333328125 0.65125 0.7586666671875 0.66525 0.756 0.69325 0.7806666671875 0.7055 0.8039999999999999 0.6995
0 0.7063333328125 0.6917500000000001 0.7363333328125 0.70025 0.7416666671875001 0.6885 0.7556666671875 0.669 0.7186666671874999 0.683 0.7063333328125 0.6917500000000001
0 0.5286666671875 0.57075 0.5203333328124999 0.56025 0.5123333328124999 0.55975 0.499 0.56575 0.497 0.5702499999999999 0.5276666671875 0.575 0.5286666671875 0.57075
0 0.177 0.6094999999999999 0.1286666671875 0.6214999999999999 0.146 0.67325 0.2096666671875 0.6645 0.21600000000000003 0.6092500000000001 0.177 0.6094999999999999
0 0.6283333328125 0.54425 0.6473333328125 0.5525 0.6296666671875 0.5305 0.6173333328124999 0.52225 0.587 0.51525 0.5786666671875 0.50925 0.5633333328125001 0.51675 0.5593333328125001 0.548 0.5730000000000001 0.5662499999999999 0.5780000000000001 0.5599999999999999 0.6283333328125 0.54425
0 0.6403333328125 0.6755 0.6519999999999999 0.6485000000000001 0.592 0.6335 0.601 0.59475 0.6466666671875 0.5635 0.6666666671875 0.57125 0.6719999999999999 0.5690000000000001 0.6496666671875 0.55575 0.6276666671875 0.5445 0.5783333328125 0.5599999999999999 0.5663333328125 0.5730000000000001 0.5363333328125 0.61975 0.5613333328125 0.66925 0.6403333328125 0.6755
0 0.8220000000000001 0.636 0.8246666671874999 0.622 0.7956666671875 0.5980000000000001 0.7886666671875 0.603 0.6463333328124999 0.564 0.601 0.59475 0.5916666671875 0.6335 0.6513333328125 0.6495 0.6683333328125001 0.6955 0.7003333328125 0.6935 0.8119999999999999 0.649 0.8220000000000001 0.636
0 0.9650000000000001 0.64925 0.9736666671875 0.64525 0.953 0.5940000000000001 0.945 0.588 0.9093333328125001 0.579 0.8923333328125 0.5835 0.9026666671875001 0.63875 0.9216666671875 0.6455 0.9650000000000001 0.64925
0 0.8746666671875 0.50275 0.8686666671875001 0.5085 0.9380000000000001 0.5622499999999999 0.9933333328125 0.56725 0.9953333328125 0.5417500000000001 0.9776666671875001 0.5309999999999999 0.8746666671875 0.50275
0 0.9083333328125001 0.32525 0.881 0.35475 0.8826666671875 0.36974999999999997 0.9306666671875 0.39449999999999996 0.9866666671875001 0.40449999999999997 0.9943333328125 0.3865 0.9903333328124999 0.31575000000000003 0.9083333328125001 0.32525
0 0.4763333328125 0.5175 0.52 0.49824999999999997 0.45866666718750004 0.4305 0.4136666671875 0.409 0.3886666671875 0.43224999999999997 0.3866666671875 0.45 0.4256666671875 0.512 0.4763333328125 0.5175
0 0.5323333328125 0.5662499999999999 0.5233333328125 0.55725 0.5126666671875 0.5575 0.5266666671875 0.5725 0.532 0.57275 0.5323333328125 0.5662499999999999
0 0.1643333328125 0.5805 0.155 0.5875 0.17233333281250002 0.6012500000000001 0.1806666671875 0.5962500000000001 0.1643333328125 0.5805
0 0.24733333281249997 0.63775 0.23866666718750001 0.6365000000000001 0.2296666671875 0.6405000000000001 0.24533333281249997 0.657 0.255 0.65325 0.24733333281249997 0.63775
0 0.2986666671875 0.58875 0.2733333328125 0.6172500000000001 0.384 0.61275 0.379 0.59175 0.32599999999999996 0.5745 0.2986666671875 0.58875
0 0.11233333281249999 0.9097500000000001 0.12833333281249998 0.8957499999999999 0.144 0.857 0.1243333328125 0.8320000000000001 0.094 0.845 0.048333332812500004 0.87575 0.0346666671875 0.8872500000000001 0.0463333328125 0.9045 0.073 0.914 0.11233333281249999 0.9097500000000001
0 0.095 0.787 0.0103333328125 0.82325 0.019 0.82925 0.097 0.7925 0.095 0.787
0 0.21833333281249998 0.8167500000000001 0.36066666718749996 0.8425 0.381 0.8210000000000001 0.4166666671875 0.8227499999999999 0.44333333281250004 0.7775000000000001 0.4046666671875 0.7525000000000001 0.382 0.766 0.21233333281250003 0.73075 0.1826666671875 0.7424999999999999 0.1666666671875 0.7695000000000001 0.1646666671875 0.7969999999999999 0.21833333281249998 0.8167500000000001
0 0.23566666718749998 0.688 0.23133333281250001 0.671 0.1876666671875 0.679 0.182 0.6980000000000001 0.19866666718749998 0.71725 0.219 0.71825 0.23566666718749998 0.688
0 0.6373333328124999 0.84375 0.6286666671875001 0.85925 0.6559999999999999 0.959 0.7373333328125 0.9984999999999999 0.8996666671875 0.9967499999999999 0.9163333328125001 0.9630000000000001 0.8826666671875 0.88975 0.7096666671875 0.8400000000000001 0.6373333328124999 0.84375
0 0.9546666671875 0.741 0.9933333328125 0.742 0.9949999999999999 0.68275 0.8320000000000001 0.663 0.8173333328125001 0.67375 0.8183333328125 0.705 0.8386666671875 0.7264999999999999 0.9546666671875 0.741
0 0.8593333328125 0.659 0.8726666671875 0.64425 0.875 0.6014999999999999 0.841 0.60675 0.8076666671874999 0.6065 0.8136666671875 0.64775 0.8246666671874999 0.6615 0.8593333328125 0.659
0 0.1853333328125 0.7355 0.1473333328125 0.7292500000000001 0.1143333328125 0.7525000000000001 0.1186666671875 0.77175 0.127 0.77525 0.1583333328125 0.76275 0.1853333328125 0.7355
0 0.05 0.5795 0.056333332812500005 0.567 0.041999999999999996 0.5549999999999999 0.025 0.55675 0.022 0.5700000000000001 0.0006666671875 0.572 0 0.62 0.007000000000000001 0.62025 0.022333332812500002 0.61 0.03 0.5832499999999999 0.05 0.5795
0 0.1646666671875 0.55325 0.1613333328125 0.54775 0.1366666671875 0.54 0.11033333281249999 0.55175 0.10366666718749999 0.56875 0.10733333281249999 0.57575 0.1253333328125 0.5740000000000001 0.1646666671875 0.55325