0 0.11328703749999999 0 0.11000000000000001 0.01775 0.17333333281250002 0.042499999999999996 0.27999999999999997 0.01 0.2526666671875 0 0.11328703749999999 0
0 0.1236666671875 0.11299999999999999 0.07766666718750001 0.079 0.018 0.0885 0.0106666671875 0.129 0.0726666671875 0.14425 0.1236666671875 0.11299999999999999
0 0.074 0.1655 0.05600000000000001 0.16725 0.06 0.19824999999999998 0.07133333281250001 0.198 0.074 0.1655
0 0.5363333328125 0.35375 0.4813333328125 0.3565 0.48733333281249996 0.38175 0.5433333328125001 0.37625000000000003 0.5363333328125 0.35375
0 0.42000000000000004 0.5287499999999999 0.6133333328125 0.5025000000000001 0.5993333328125 0.46449999999999997 0.5973333328125 0.46224999999999994 0.41333333281250006 0.50725 0.42000000000000004 0.5287499999999999
0 0.43166666718749996 0.8265 0.37466666718749997 0.9035 0.421 0.9195 0.4643333328125 0.8345 0.43166666718749996 0.8265
0 0.6353333328125 0.7685 0.654 0.7424999999999999 0.5666666671875 0.7245 0.5506666671875 0.774 0.5733333328125 0.7765 0.6353333328125 0.7685
0 0.9563333328124999 0.47800000000000004 0.9083333328125001 0.472 0.8966666671875 0.49225 0.9393333328125 0.497 0.9563333328124999 0.47800000000000004
0 0.7466666671875 0.13625 0.6839999999999999 0.1365 0.6766666671875 0.1605 0.7613333328125 0.17350000000000002 0.7466666671875 0.13625
0 0.32799999999999996 0.22675 0.317 0.215 0.2866666671875 0.2325 0.29500000000000004 0.242 0.32799999999999996 0.22675
0 0.0893333328125 0.40725 0.0626666671875 0.42575 0.094 0.45475000000000004 0.10933333281249999 0.44525 0.0953333328125 0.433 0.1066666671875 0.41425 0.0893333328125 0.40725
0 0.1166666671875 0.192 0.11299999999999999 0.21200000000000002 0.1636666671875 0.1925 0.1513333328125 0.1785 0.1166666671875 0.192