0 0.3817204296875 0.11794354843749999 0.383064515625 0.1154233875 0.38104838750000003 0.11265120937499999 0.3770161296875 0.11315524218749999 0.375 0.11592741875000001 0.378360215625 0.11869959687500001 0.3817204296875 0.11794354843749999
0 0.20329301093750002 0.1166834671875 0.19959677343749999 0.12121975781250001 0.22883064531250003 0.1368447578125 0.233534946875 0.136088709375 0.2379032265625 0.1287802421875 0.210013440625 0.11416330625 0.20329301093750002 0.1166834671875
0 0.274865590625 0.22505040312500002 0.27217741875 0.22706653281250003 0.27284946250000003 0.22958669375000001 0.27688172031249997 0.22958669375000001 0.274865590625 0.22505040312500002
0 0.9381720437500001 0.3495463703125 0.9348118281250001 0.34551411249999997 0.9284274187499999 0.34727822656249996 0.9280913984374999 0.3515625 0.9331317203125 0.35332661249999997 0.9381720437500001 0.3495463703125
0 0.9986559140625 0.21900201562500002 0.860215053125 0.29511088750000003 0.8595430109375 0.2978830640625 0.8649193546875 0.2991431453125 0.9993279562499999 0.2258064515625 0.9986559140625 0.21900201562500002
0 0.8659274187499999 0.26083669375 0.8608870968750001 0.2646169359375 0.8642473125000001 0.26864919375 0.8679435484375 0.267137096875 0.8659274187499999 0.26083669375
0 0.61357526875 0.40263776875 0.6122311828125 0.40171370937499995 0.6095430109375 0.4037298390625 0.6115591390625 0.405997984375 0.6162634406249999 0.40448588750000003 0.6189516125 0.401209678125 0.623487903125 0.39931955625 0.6236559140625 0.39852150468750003 0.625 0.398689515625 0.62802419375 0.3974294359375 0.6293682796875 0.3974294359375 0.6323924734374999 0.398689515625 0.6357526874999999 0.39717741875 0.6381048390624999 0.394783265625 0.6370967734375 0.39364919375 0.6386088703125 0.393019153125 0.6392809140625 0.3935861890625 0.6401209671875 0.39238911249999997 0.6416330640625 0.39175907187500003 0.6431451609375001 0.39364919375 0.6491935484375 0.3911290328125 0.64717741875 0.3868447578125 0.6431451609375001 0.3911290328125 0.6384408609375 0.3922211015625 0.6344086015625 0.39188508125 0.628360215625 0.3886088703125 0.625 0.3911290328125 0.621639784375 0.3898689515625 0.6129032265625 0.3926411296875 0.6122311828125 0.3964213703125 0.6155913984375 0.399949596875 0.613911290625 0.400831653125 0.61357526875 0.40263776875
0 0.442540321875 0.5972782265625 0.4499327953125 0.5947580640625 0.4486167109375 0.5938340046875 0.450380825 0.5932459671875 0.45127688125 0.5902217734375 0.43817204375 0.5775579640624999 0.4427083328125 0.575058803125 0.443212365625 0.5763608875 0.45098886250000003 0.5821932609375 0.4525369625 0.5818422375 0.45430107499999994 0.5725806453125 0.45026881718749995 0.5693044359375 0.44018817187500003 0.5685483875 0.4422043015625 0.5737567203125 0.44094422031249997 0.5743447578125 0.43867607499999994 0.5723286296875 0.43884408593749996 0.57157258125 0.437542003125 0.5713205640625 0.43817204375 0.570060484375 0.43640792968750003 0.5703125 0.4375 0.5685483875 0.4358198921875 0.5684223796875 0.4352738578125 0.5693044359375 0.434139784375 0.5682963703125 0.4345766125 0.5723286296875 0.4338037640625 0.57333669375 0.43293010781249996 0.5720766125 0.4312836015625 0.571824596875 0.43077957031249997 0.570060484375 0.4290994625 0.5710685484375 0.42876344062499994 0.5691784281250001 0.42674731250000003 0.5682963703125 0.41498655937500006 0.5681493609375 0.41481854843750005 0.5693044359375 0.41330645156249995 0.568128359375 0.41317204375000005 0.56905241875 0.41162634374999996 0.568107359375 0.41152553750000004 0.568800403125 0.4099462359375 0.5680863578124999 0.40987903281250004 0.5685483875 0.4082661296875 0.56806535625 0.40823252656250003 0.5682963703125 0.40658602187500004 0.5680443546875 0.41162634374999996 0.5728326609375001 0.4159946234375 0.5723286296875 0.41767473125 0.57510080625 0.41733870937499995 0.5879536296875 0.411962365625 0.5882056453125 0.41061827968750003 0.5912298390624999 0.4042338703125 0.5909778218749999 0.40188172031249997 0.59375 0.3954973125 0.593497984375 0.394489246875 0.59677419375 0.44082421250000003 0.597260225 0.44110459375 0.5964992671875 0.442540321875 0.5972782265625
0 0.628360215625 0.6058467734375 0.68212365625 0.5899697578125 0.6659946234375 0.58291330625 0.6256720437500001 0.59501008125 0.6008064515625 0.6113911296875 0.57997311875 0.625252015625 0.56787634375 0.6411290328125 0.5396505375 0.6597782265625 0.49865591406250004 0.6776713703125 0.514784946875 0.6847278218749999 0.55107526875 0.6645665328125 0.5692204296875001 0.6423891125 0.628360215625 0.6058467734375
0 0.3172043015625 0.70614919375 0.33938172031249997 0.7003528218749999 0.3363575265625 0.692036290625 0.3329973125 0.6917842734375 0.31686827968750003 0.7013608875 0.3172043015625 0.70614919375
0 0.366935484375 0.726814515625 0.377688171875 0.723286290625 0.37735215 0.72177419375 0.378561828125 0.722127015625 0.3803091390625 0.7198084671875 0.383064515625 0.720262096875 0.3823924734375 0.7188508062500001 0.3844086015625 0.7188760078125 0.3857526875 0.71748991875 0.38463261718749997 0.7164818546875 0.3829301078125 0.7163306453125 0.3838037640625 0.7151713703125 0.3823924734375 0.7144657265625 0.38467741875 0.714012096875 0.383736559375 0.7135416671875 0.385551075 0.712852821875 0.3850806453125 0.7126176078124999 0.38642473125 0.7116935484375 0.38642473125 0.7091733875 0.3797043015625 0.7132056453125 0.3817204296875 0.717439515625 0.3811827953125 0.7186491937499999 0.3770161296875 0.720262096875 0.366935484375 0.726814515625
0 0.449260753125 0.80771169375 0.4704301078125 0.8082157265625 0.4761424734375 0.8056955640625001 0.47950268749999997 0.8029233874999999 0.4788306453125 0.7943548390624999 0.48857526875 0.79208669375 0.48891129062500005 0.7895665328125 0.42876344062499994 0.7918346781250001 0.4354838703125 0.8061995968750001 0.43985215 0.809223790625 0.449260753125 0.80771169375
0 0.2224462359375 0.5322580640625 0.21639784999999997 0.5367943546875 0.2170698921875 0.5425907265625 0.225134409375 0.5395665328125 0.225134409375 0.5362903218749999 0.22715053749999997 0.5340221781250001 0.2224462359375 0.5322580640625
0 0.1831317203125 0.5370463703125 0.1959005375 0.542338709375 0.20262096718749997 0.5448588703125 0.21068548437499998 0.5478830640625 0.22110215000000003 0.5496471781250001 0.22782258125000002 0.5529233875 0.23857526875 0.5597278218749999 0.2483198921875 0.56552419375 0.2547043015625 0.571824596875 0.26243279531249997 0.579637096875 0.270161290625 0.5879536296875 0.28091397812499996 0.59677419375 0.2940188171875 0.6073588703125 0.298387096875 0.6129032265625 0.3057795703125 0.62021169375 0.3104838703125 0.624747984375 0.32022849531249997 0.6348286296875 0.3309811828125 0.6441532265625 0.335013440625 0.6494455640625 0.34072580625 0.6534778218749999 0.34811827968750003 0.659526209375 0.35618279531249997 0.6648185484375 0.36189516093749996 0.6711189515625 0.3679435484375 0.6769153218749999 0.3739919359375 0.6832157265625 0.38272849531249997 0.6912802421875 0.39415322656249996 0.7008568546875 0.4025537640625 0.7084173390624999 0.4159946234375 0.7179939515625 0.431115590625 0.72782258125 0.44623655937500006 0.7447076609375001 0.45497311875 0.7550403218749999 0.45967741875 0.7573084671875 0.4771505375 0.759324596875 0.488239246875 0.7633568546875 0.5067204296875001 0.76688508125 0.5218413984375 0.7716733875 0.5352822578125 0.7757056453125 0.551411290625 0.7784778218749999 0.5675403218749999 0.780997984375 0.582661290625 0.7840221781250001 0.604838709375 0.7918346781250001 0.6404569890625 0.8084677421875 0.6428091390625 0.8061995968750001 0.6058467734375 0.7890625 0.5813172046874999 0.780997984375 0.5517473125000001 0.7762096781250001 0.53125 0.77217741875 0.5127688171875 0.7663810484375 0.502688171875 0.7615927421875 0.4915994625 0.75655241875 0.47647849531249997 0.7492439515625 0.4593413984375 0.7396673390624999 0.4415322578125 0.7305947578125 0.43145161249999997 0.725050403125 0.4156586015625 0.7144657265625 0.400537634375 0.7036290328125 0.3850806453125 0.6900201609375001 0.37197580625 0.6786794359375 0.3545026875 0.66103830625 0.335685484375 0.6461693546875 0.318212365625 0.6287802421875 0.297715053125 0.6068548390624999 0.2718413984375 0.5864415328125 0.2510080640625 0.5645161296875 0.227486559375 0.5496471781250001 0.20362903281250003 0.5430947578125 0.18212365625 0.5347782265625 0.125 0.5209173390624999 0.12735215 0.523185484375 0.1666666671875 0.5330141125 0.1831317203125 0.5370463703125
0 0.429435484375 0.7522681453125 0.42876344062499994 0.75655241875 0.42405913906250003 0.759324596875 0.43212365625000004 0.7585685484375 0.4327956984375 0.7527721781250001 0.43817204375 0.7522681453125 0.43682795625 0.7492439515625 0.434139784375 0.7431955640625 0.43077957031249997 0.7439516125 0.42540322656249996 0.7348790328125 0.4220430109375 0.734122984375 0.42607526875 0.7394153218749999 0.4220430109375 0.7363911296875 0.4072580640625 0.7371471781250001 0.4079301078125 0.7401713703125 0.418010753125 0.74092741875 0.42405913906250003 0.7457157265625 0.42002688125 0.7489919359375 0.389784946875 0.7489919359375 0.3911290328125 0.753276209375 0.42405913906250003 0.751512096875 0.429435484375 0.7522681453125
0 0.45665322656249996 0.7852822578125 0.45194892500000006 0.787550403125 0.46001344062499994 0.7910786296875 0.4640456984375 0.7883064515625 0.45665322656249996 0.7852822578125
0 0.6761872765625 0.565566196875 0.67467274375 0.5655607171875 0.6744097703125 0.5668171453124999 0.6754592296874999 0.566805275 0.6747311828125 0.5680443546875 0.6741467984375 0.5680735734375 0.6734543015625001 0.5689264109375001 0.673883825 0.5693300015625 0.6736208515625 0.57058643125 0.67217741875 0.5698084671875 0.661962365625 0.57686491875 0.66171035 0.5806451609375001 0.6573540703125 0.5980342734375 0.6491935484375 0.6005544359375 0.6404569890625 0.613911290625 0.6478494625 0.612651209375 0.6525537640625 0.6053427421875 0.659610215625 0.5980657765624999 0.658986175 0.5975302421875 0.6606182796875 0.597026209375 0.66162634375 0.5819052421875 0.6720430109375 0.578125 0.672305984375 0.576868571875 0.673387096875 0.5771529375 0.6814516125 0.5713205640625 0.6861559140625 0.564012096875 0.6962365593750001 0.5493951609375001 0.7029569890625 0.53427419375 0.7083333328125 0.5206653218749999 0.7090053765625 0.509324596875 0.6962365593750001 0.491935484375 0.6942204296875001 0.4944556453125 0.689662225 0.4939443078125 0.690188171875 0.49143145156249995 0.69287634375 0.4884072578125 0.6854838703125 0.4853830640625 0.6893992515625 0.4952007359375 0.6749357171875 0.5643042890625 0.6769153218749999 0.5643271171875 0.6761872765625 0.565566196875
0 0.71415770625 0.47899865625000004 0.7170698921875001 0.48084677343750004 0.722110215625 0.48046875 0.7309876859375 0.49982115 0.7306625046875 0.5188443031250001 0.7319508453125 0.520077284375 0.7306408249999999 0.5201125125 0.730414746875 0.5206653218749999 0.730619146875 0.5213807234375001 0.7288786484374999 0.5212533609375 0.7258064515625 0.5224294359375 0.7153524499999999 0.5281138000000001 0.7159946234375 0.529334678125 0.730510753125 0.5277217734375 0.7426075265625001 0.523185484375 0.7594086015625 0.5128528218749999 0.7594086015625 0.510206653125 0.758064515625 0.5100806453125 0.7573924734374999 0.5088709671875 0.7594086015625 0.50888356875 0.7594086015625 0.5022681453125 0.750336021875 0.494959678125 0.7447916671875 0.4970388109375 0.7444136421875001 0.4985194046875 0.7429435484375 0.4977318546875 0.7310093656250001 0.4985529390625 0.7311827953125001 0.4884072578125 0.7321908609375 0.484122984375 0.7271505375 0.48009072656249996 0.7237903218749999 0.4803427421875 0.7234543015625 0.476814515625 0.7216621859375 0.47702452968750003 0.72216621875 0.4757644484375 0.71572580625 0.47051411249999997 0.702284946875 0.4707661296875 0.7127016125 0.478074596875 0.714493728125 0.4778645828125 0.71415770625 0.47899865625000004
0 0.5745967734375 0.15272177343749999 0.5786290328125 0.14969758125 0.5631720437500001 0.1413810484375 0.543010753125 0.13810483906249998 0.5416666671875 0.14188508125 0.554435484375 0.143397178125 0.5611559140625 0.1444052421875 0.5745967734375 0.15272177343749999
0 0.8766801078125 0.1622983875 0.8736559140625 0.16532258125 0.8907930109375 0.172127015625 0.8891129031249999 0.1640625 0.8823924734374999 0.16103830624999999 0.8739919359374999 0.1522177421875 0.8766801078125 0.1622983875
0 0.45094086093749997 0.511088709375 0.45497311875 0.507560484375 0.44959677343750004 0.5052923390624999 0.4475806453125 0.507560484375 0.45094086093749997 0.511088709375
0 0.6706989250000001 0.7978830640625 0.6706989250000001 0.8011592734375 0.6767473125000001 0.8059475812500001 0.6787634406249999 0.8039314515625 0.6706989250000001 0.7978830640625
0 0.014112903125000001 0.685987903125 0.0161290328125 0.7056451609375001 0.0120967734375 0.707661290625 0.0124327953125 0.7102043625000001 0.0127688171875 0.7101814515625 0.0129288265625 0.7114535328125 0.012600806249999999 0.7114758984375 0.0127688171875 0.712747434375 0.0130888375 0.7127256140625 0.012936828124999999 0.7140189703125001 0.013248848437499999 0.7139976953125 0.0134088578125 0.7152697765625 0.013104839062500002 0.71529050625 0.01327285 0.7165620421875001 0.01356886875 0.716541859375 0.013728878125 0.7178139406249999 0.013440860937499998 0.717833578125 0.013608870312499998 0.7191051140625 0.013888889062500001 0.719086021875 0.014048898437499999 0.7203581031249999 0.013776881250000001 0.7203766500000001 0.013944892187499999 0.7216481859375 0.014208909375 0.721630184375 0.0143689203125 0.7229022656249999 0.014112903125000001 0.7229197218750001 0.0142809140625 0.7241912578125 0.0145289296875 0.724174346875 0.014688940624999999 0.7254464281249999 0.014448925000000001 0.72546279375 0.0146169359375 0.7267343296875 0.01484895 0.726718509375 0.0150089609375 0.7279905921875 0.014784946875 0.7280058656249999 0.01495295625 0.7292774015625 0.015168970312499998 0.7292626734375001 0.015328981250000002 0.7305347546875 0.0151209671875 0.7305489374999999 0.015288978125 0.7318204734375 0.015488990624999999 0.7318068359375001 0.0156490015625 0.7330789171875 0.0154569890625 0.733092009375 0.015625 0.7343635453124999 0.0158090125 0.7343509984375001 0.015969021875 0.7356230796875 0.015793010937499997 0.73563508125 0.0161290328125 0.7368951609375001 0.019489246874999998 0.7636088703125 0.042338709375 0.776713709375 0.04032258125 0.7726814515625 0.02217741875 0.7613407265625 0.0161290328125 0.7086693546875 0.05260028906250001 0.6303698828125001 0.07392473125 0.5957661296875 0.0698924734375 0.5965221781250001 0.051889475 0.631523340625 0.036962365625 0.6557459671875 0.0329301078125 0.6567540328125 0.0270967734375 0.6646572578125001 0.024865590625 0.6650705640625 0.026263440625000002 0.665786290625 0.0254301078125 0.666915321875 0.024114484375000002 0.6662416984374999 0.023363378125 0.6674128328125 0.0245967734375 0.6680443546875 0.0226122703125 0.668583965625 0.023763440625 0.6691733875 0.0218611640625 0.6697550999999999 0.0229301078125 0.67030241875 0.0244875671875 0.6706306703125 0.023689515624999997 0.6718119953125 0.0220967734375 0.6714314515625001 0.021110056250000002 0.6709262328125 0.02035895 0.6720973671875 0.021263440624999998 0.672560484375 0.01960784375 0.6732685015625 0.0204301078125 0.673689515625 0.0195967734375 0.6748185484375 0.0188567359375 0.674439634375 0.0181056296875 0.67561076875 0.018763440625 0.67594758125 0.017354521875 0.6767819015625001 0.017930107812500002 0.6770766125 0.0170967734375 0.6782056453124999 0.016603415625 0.6779530359375 0.015852309375 0.6791241703125 0.016263440625 0.679334678125 0.0151012015625 0.6802953031250001 0.0154301078125 0.680463709375 0.0143500953125 0.6814664375 0.014596773437499998 0.6815927421875 0.013598987500000001 0.6826375703124999 0.013763440625000001 0.6827217734375 0.0120967734375 0.6849798390624999 0.0149109546875 0.684806578125 0.014112903125000001 0.685987903125
0 0.1537858421875 0.24462365625000002 0.1556899640625 0.2450436828125 0.15625 0.24369959687499998 0.1575940859375 0.245463709375 0.16162634375 0.24193548437499998 0.1636424734375 0.2353830640625 0.136760753125 0.22001008125000002 0.1286962359375 0.223790321875 0.1271281359375 0.22883064531250003 0.1263440859375 0.23135080624999999 0.1518817203125 0.2442036296875 0.152889784375 0.2429435484375 0.1537858421875 0.24462365625000002
0 0.207661290625 0.14314516093750002 0.20295698906249998 0.1428931453125 0.19959677343749999 0.1474294359375 0.20295698906249998 0.1522177421875 0.207661290625 0.14314516093750002
0 0.8793682796875 0.136088709375 0.866935484375 0.14415322656250001 0.8578629031249999 0.15146169375000001 0.858534946875 0.1539818546875 0.8793682796875 0.136088709375
0 0.6256720437500001 0.4150705640625 0.61357526875 0.41078629062500005 0.6229838703125 0.4160786296875 0.627688171875 0.4256552421875 0.6256720437500001 0.4150705640625
0 0.6656586015625 0.48916330625000004 0.6690188171875 0.4866431453125 0.6663306453125 0.482862903125 0.6602822578125 0.4853830640625 0.6612903218749999 0.48891129062500005 0.6656586015625 0.48916330625000004
0 0.49932795625 0.5597278218749999 0.49327957031249997 0.56123991875 0.4959677421875 0.5650201609375001 0.502688171875 0.564012096875 0.49932795625 0.5597278218749999
0 0.46169354843750005 0.5893397171875 0.460797490625 0.5893817203125 0.46102150468750003 0.5906628031250001 0.4605734765625 0.590683803125 0.4603494625 0.5919858875 0.46572580625000004 0.5975302421875 0.4707661296875 0.59853830625 0.47311827968750003 0.587449596875 0.4712701609375 0.5866935484375 0.47412634374999996 0.5831653218749999 0.4727822578125 0.5822076609375 0.47417434687500004 0.5819052421875 0.474462365625 0.5743447578125 0.4707661296875 0.57157258125 0.463037634375 0.570060484375 0.463037634375 0.5763608875 0.46102150468750003 0.5880796375 0.462365590625 0.5880166328125 0.46169354843750005 0.5893397171875
0 0.47782258125 0.570564515625 0.4811827953125 0.5728326609375001 0.48319892500000006 0.5682963703125 0.48655913906250003 0.5710685484375 0.48857526875 0.5675403218749999 0.4818548390625 0.5574596781250001 0.4724462359375 0.55771169375 0.462365590625 0.5617439515625 0.4529569890625 0.562247984375 0.4529569890625 0.56905241875 0.462365590625 0.5703125 0.4771505375 0.573588709375 0.47782258125 0.570564515625
0 0.6747311828125 0.3651713703125 0.6612903218749999 0.35433467812499997 0.645161290625 0.33719758125 0.6555779562499999 0.351814515625 0.671034946875 0.3661794359375 0.6747311828125 0.3651713703125
0 0.9811827953125001 0.093497984375 0.9879032265625 0.096522178125 0.9865591390624999 0.093497984375 0.9811827953125001 0.093497984375
0 0.7291666671875 0.3523185484375 0.7308467734375 0.35509072656249996 0.7338709671875 0.3515625 0.7291666671875 0.3523185484375
0 0.3790322578125 0.327872984375 0.3736559140625 0.33165322656249996 0.37567204374999996 0.33417338750000003 0.38037634374999996 0.33114919375 0.3790322578125 0.327872984375
0 0.36659946250000003 0.357862903125 0.36256720468750003 0.3586189515625 0.360551075 0.362651209375 0.3655913984375 0.36239919375 0.36659946250000003 0.357862903125
0 0.6317204296875001 0.34097782187500003 0.6300403218749999 0.3382056453125 0.6098790328125 0.335685484375 0.6092069890625 0.33870967812499997 0.628360215625 0.340473790625 0.6105510749999999 0.357862903125 0.613911290625 0.3588709671875 0.6317204296875001 0.34097782187500003
0 0.5997983875 0.5433467734375 0.610887096875 0.5443548390624999 0.6145833328125 0.5463709671875 0.6515456984375 0.54813508125 0.6911962359375 0.5395665328125 0.6972446234375 0.5304939515625 0.6730510749999999 0.5400705640625 0.6612903218749999 0.5395665328125 0.6525537640625 0.5451108875 0.6468413984375 0.5395665328125 0.58467741875 0.5370463703125 0.5863575265625001 0.5448588703125 0.5984543015625 0.5461189515625 0.5997983875 0.5433467734375
0 0.5924059140625 0.5262096781250001 0.59912634375 0.5259576609375001 0.6024865593750001 0.5241935484375 0.6024865593750001 0.5216733875 0.597110215625 0.5209173390624999 0.5927419359375 0.523185484375 0.5924059140625 0.5262096781250001
0 0.7120295703124999 0.66708669375 0.6868279562499999 0.7316028218749999 0.6918682796875 0.73135080625 0.7177419359375 0.6615423390624999 0.7200940859375 0.640372984375 0.71639785 0.623487903125 0.70967741875 0.615675403125 0.684139784375 0.5882056453125 0.68212365625 0.592237903125 0.7113575265625001 0.6207157265625 0.71875 0.6381048390624999 0.716061828125 0.6524697578125 0.7120295703124999 0.66708669375
0 0.8891129031249999 0.65498991875 0.9082661296874999 0.6675907265625 0.922715053125 0.6648185484375 0.9170026874999999 0.6587701609375001 0.909610215625 0.652973790625 0.8965053765625 0.6446572578125 0.8911290328125 0.6335685484375 0.8870967734375 0.620463709375 0.878360215625 0.6197076609375001 0.8706317203125 0.6318044359375 0.8713037640625 0.6348286296875 0.883064515625 0.6466733875 0.8891129031249999 0.65498991875