0 0.15021929843749998 0.5805 0.1688596484375 0.584 0.180921053125 0.5755 0.1984649125 0.56475 0.20833333281250002 0.5575 0.210526315625 0.5475 0.21491228125 0.541 0.20833333281250002 0.53075 0.1973684203125 0.54 0.1842105265625 0.5467500000000001 0.17105263125 0.5509999999999999 0.15021929843749998 0.5805
0 0.59375 0.45225 0.59375 0.45575 0.5986842109375 0.45875000000000005 0.6052631578125001 0.45949999999999996 0.611293859375 0.46025 0.616776315625 0.46399999999999997 0.6200657890625 0.46825 0.6271929828125 0.46725000000000005 0.6348684203125 0.47024999999999995 0.64144736875 0.46825 0.6447368421874999 0.4625 0.6430921046875 0.45675 0.6376096484375 0.45199999999999996 0.629385965625 0.44775 0.6282894734375 0.441 0.6107456140624999 0.44275000000000003 0.6096491234375 0.44675000000000004 0.600328946875 0.44975 0.59375 0.45225
0 0.5361842109375 0.047 0.5317982453125001 0.043 0.5241228062500001 0.042749999999999996 0.51644736875 0.04775 0.5241228062500001 0.0485 0.528508771875 0.051500000000000004 0.5361842109375 0.047
0 0.47423245625000005 0.97575 0.46820175468749997 0.9652499999999999 0.47039473750000005 0.95225 0.47587719375 0.9417500000000001 0.469846490625 0.9315 0.460526315625 0.9225 0.45065789531249995 0.9164999999999999 0.43530701718750003 0.9157500000000001 0.425438596875 0.9182499999999999 0.4172149125 0.9279999999999999 0.4166666671875 0.9385 0.42105263125 0.9470000000000001 0.425438596875 0.951 0.42324561406249994 0.9555 0.41282894687500005 0.9557499999999999 0.41337719375 0.9497500000000001 0.40953947343749997 0.94025 0.403508771875 0.9332499999999999 0.396929825 0.93 0.384320175 0.9275 0.3744517546875 0.932 0.3700657890625 0.9390000000000001 0.35087719375000004 0.95325 0.341008771875 0.95275 0.335526315625 0.95525 0.326206140625 0.9675 0.3212719296875 0.9702500000000001 0.30701754375 0.98125 0.3075657890625 0.9890000000000001 0.3103070171875 0.9994999999999999 0.47423245625000005 0.99975 0.476973684375 0.9880000000000001 0.47423245625000005 0.97575
0 0.7401315796875 0.98575 0.73355263125 0.9855 0.7357456140624999 0.9804999999999999 0.7258771937499999 0.9682499999999999 0.7171052625 0.968 0.7061403515625 0.9560000000000001 0.7017543859375001 0.951 0.7028508765625 0.9460000000000001 0.688596490625 0.9407500000000001 0.6798245609375 0.942 0.6743421046875 0.9475 0.665570175 0.95875 0.66008771875 0.966 0.6502192984375 0.967 0.6513157890625 0.961 0.6557017546874999 0.95875 0.6622807015625 0.95275 0.664473684375 0.94525 0.664473684375 0.93825 0.66008771875 0.93 0.6502192984375 0.92775 0.6326754390625 0.9272500000000001 0.6151315796875 0.9369999999999999 0.607456140625 0.94375 0.6052631578125001 0.9570000000000001 0.6041666671875 0.96975 0.5877192984375 0.9880000000000001 0.5833333328125 0.9994999999999999 0.748903509375 0.99925 0.743421053125 0.992 0.7401315796875 0.98575
0 0.719846490625 0.4175 0.72423245625 0.42374999999999996 0.7313596484375 0.42350000000000004 0.745614034375 0.41875 0.75 0.41075 0.7483552625 0.39975 0.719846490625 0.38825 0.721491228125 0.40149999999999997 0.7264254390625 0.40975 0.719846490625 0.4175
0 0.5109649125 0.4425 0.5076754390625 0.44525 0.5120614031249999 0.44775 0.521929825 0.44875 0.5307017546874999 0.44699999999999995 0.5361842109375 0.44749999999999995 0.5438596484375 0.4455 0.5515350875 0.44275000000000003 0.5493421046875 0.43899999999999995 0.5493421046875 0.43574999999999997 0.540570175 0.4345 0.5307017546874999 0.43724999999999997 0.52741228125 0.44125 0.5186403515625 0.4425 0.5109649125 0.4425
0 0.12462719375 0.50478 0.123766446875 0.50475 0.12362938593749999 0.50625 0.12247807031249999 0.5071 0.123492325 0.5077499999999999 0.121403509375 0.50826 0.10635964843750001 0.5245 0.11239035156249999 0.52675 0.10635964843750001 0.5295 0.11074561406250001 0.53225 0.115679825 0.534 0.10800438593749999 0.5387500000000001 0.09923245625 0.54025 0.09758771875 0.5427500000000001 0.09978070156249999 0.54725 0.1052631578125 0.549 0.112207603125 0.5483333328125 0.11321271875000001 0.5493750000000001 0.11074561406250001 0.5507500000000001 0.1146929828125 0.5559499999999999 0.11732456093750002 0.55625 0.115679825 0.55725 0.1231725140625 0.5573333328125 0.1228070171875 0.5605 0.118421053125 0.56375 0.129385965625 0.56575 0.13706140312499998 0.5635 0.1408991234375 0.56075 0.142543859375 0.55775 0.1436403515625 0.554 0.1403508765625 0.5495 0.138706140625 0.54475 0.1348684203125 0.536 0.12883771875 0.5345 0.1392543859375 0.53175 0.1282894734375 0.5287499999999999 0.120614034375 0.5285 0.11513157968750001 0.5273333328125 0.12116228124999999 0.523 0.129385965625 0.5237499999999999 0.1354166671875 0.51925 0.13706140312499998 0.5157499999999999 0.1436403515625 0.5085 0.142543859375 0.503 0.1376096484375 0.5005 0.13432017499999999 0.49675 0.13214912343750002 0.49666 0.133223684375 0.4955 0.1325657890625 0.493 0.1299342109375 0.493 0.1322368421875 0.49175 0.13048245625 0.49175 0.1319078953125 0.49050000000000005 0.13103070156250002 0.49050000000000005 0.131578946875 0.48925 0.1270559203125 0.49524999999999997 0.12006578906250001 0.49824999999999997 0.1145833328125 0.5002500000000001 0.11677631562499999 0.50325 0.12390350937500001 0.50325 0.1257017546875 0.50362 0.12462719375 0.50478
0 0.5098684203125 0.62175 0.5153508765625 0.61825 0.5252192984375 0.619 0.528508771875 0.61125 0.5186403515625 0.61075 0.5120614031249999 0.61225 0.5087719296875 0.6144999999999999 0.5098684203125 0.62175
0 0.38212719375000004 0.62375 0.3865131578125 0.6214999999999999 0.3876096484375 0.6155 0.3826754390625 0.614 0.3700657890625 0.61275 0.368421053125 0.6165 0.373903509375 0.6184999999999999 0.379385965625 0.6207499999999999 0.38212719375000004 0.62375
0 0.191885965625 0.74875 0.21162280625 0.73775 0.2171052625 0.7335 0.21162280625 0.731 0.1984649125 0.734 0.183114034375 0.73975 0.17543859687500002 0.73975 0.169956140625 0.7424999999999999 0.169956140625 0.74925 0.164473684375 0.754 0.1765350875 0.7525000000000001 0.183114034375 0.751 0.191885965625 0.74875
0 0.039473684375 0.852 0.059758771875000005 0.8487500000000001 0.061951754687500006 0.8432499999999999 0.00383771875 0.8317500000000001 0.0005482453125 0.8414999999999999 0.006578946875 0.8445 0.039473684375 0.852
0 0.125 0.8404999999999999 0.125 0.845 0.1337719296875 0.84575 0.1359649125 0.84275 0.1337719296875 0.8394999999999999 0.125 0.8404999999999999
0 0.0021929828125 0.844 0.001096490625 0.8470000000000001 0.00548245625 0.8484999999999999 0.012061403125 0.8467499999999999 0.0021929828125 0.844
0 0.8893698062500001 0.536223684375 0.89144736875 0.5365 0.9057017546875 0.5337500000000001 0.91008771875 0.52725 0.9078947375 0.5247499999999999 0.914473684375 0.516 0.8943256578125001 0.51403125 0.89144736875 0.51325 0.8913319484375 0.5145263156250001 0.8892543859375 0.5140625 0.8826754390625 0.5165 0.8760964906250001 0.52 0.8760964906250001 0.533 0.8728070171875 0.5385 0.8892543859375 0.5375 0.8893698062500001 0.536223684375
0 0.6951754390625 0.257 0.680921053125 0.257 0.68201754375 0.26275 0.6891447375 0.2625 0.6951754390625 0.26475 0.6973684203125 0.26075 0.6951754390625 0.257
0 0.7127192984375 0.28875 0.7346491234375 0.28475 0.7127192984375 0.27625 0.6973684203125 0.27149999999999996 0.6743421046875 0.268 0.6732456140624999 0.2725 0.6743421046875 0.27599999999999997 0.6875 0.28025 0.7127192984375 0.28875
0 0.142543859375 0.39649999999999996 0.13980263125 0.393 0.1337719296875 0.39249999999999996 0.1299342109375 0.395 0.13706140312499998 0.39875 0.142543859375 0.39649999999999996
0 0.3048245609375 0.36275 0.2916666671875 0.364 0.2916666671875 0.368 0.294028340625 0.3673076921875 0.29459064375 0.368 0.30043859687499996 0.368 0.30701754375 0.37075 0.313596490625 0.368 0.3103070171875 0.36475 0.3075657890625 0.36375 0.30819838125 0.363153846875 0.313596490625 0.3635 0.313596490625 0.36225 0.31633771875 0.363375 0.319078946875 0.36324999999999996 0.32456140312500004 0.36175 0.3223684203125 0.359 0.3200067484375 0.3596923078125 0.3194444453125 0.35924999999999996 0.3176450734375 0.360384615625 0.31652046718750004 0.35950000000000004 0.313596490625 0.35975 0.313596490625 0.361 0.31292172812499996 0.36176923125 0.310560053125 0.3624615390625 0.3048245609375 0.36275
0 0.1408991234375 0.10024999999999999 0.14912280625000002 0.10200000000000001 0.16008771875 0.10300000000000001 0.1787280703125 0.10475000000000001 0.164473684375 0.09925 0.16831140312499998 0.0965 0.183114034375 0.096 0.164473684375 0.09 0.173793859375 0.08225 0.1557017546875 0.088 0.1392543859375 0.08499999999999999 0.13267543906249998 0.08525 0.1244517546875 0.091 0.1271929828125 0.09575 0.1337719296875 0.09925 0.1408991234375 0.10024999999999999
0 0.3673245609375 0.13025 0.3673245609375 0.12350000000000001 0.3651315796875 0.11950000000000001 0.351973684375 0.11875 0.3453947375 0.122 0.3432017546875 0.127 0.3541666671875 0.126 0.3673245609375 0.13025
0 0.33771929843750004 0.3675 0.3333333328125 0.369 0.3421052625 0.3715 0.346491228125 0.37 0.33771929843750004 0.3675