0 0.5553385421875 0.65673828125 0.5345052078125 0.65234375 0.5084635421875 0.6572265625 0.4752604171875 0.74072265625 0.4752604171875 0.75390625 0.4798177078125 0.76806640625 0.4563802078125 0.8359375 0.4615885421875 0.845703125 0.4700520828125 0.8486328125 0.4830729171875 0.84619140625 0.5182291671875 0.77685546875 0.537109375 0.76708984375 0.576171875 0.66650390625 0.5553385421875 0.65673828125
0 0.4459635421875 0.76318359375 0.4361979171875 0.75830078125 0.42578125 0.75390625 0.4055989578125 0.75830078125 0.3333333328125 0.822265625 0.3274739578125 0.83984375 0.2942708328125 0.8740234375 0.298828125 0.8857421875 0.3118489578125 0.8896484375 0.3587239578125 0.85888671875 0.3795572921875 0.8525390625 0.455078125 0.794921875 0.4596354171875 0.78125 0.4557291671875 0.76953125 0.4459635421875 0.76318359375
0 0.2571614578125 0.763671875 0.2265625 0.7646484375 0.216796875 0.7685546875 0.21419270781250002 0.77734375 0.21875 0.783203125 0.2565104171875 0.787109375 0.26953125 0.7978515625 0.353515625 0.7978515625 0.3606770828125 0.794921875 0.37109375 0.78515625 0.375 0.775390625 0.3717447921875 0.763671875 0.36328125 0.75244140625 0.2845052078125 0.75244140625 0.2688802078125 0.7568359375 0.2571614578125 0.763671875
0 0.51171875 0.642578125 0.509765625 0.62939453125 0.5026041671875 0.61669921875 0.4921875 0.61181640625 0.3984375 0.61767578125 0.365234375 0.66162109375 0.3743489578125 0.66650390625 0.494140625 0.66064453125 0.5045572921875 0.65478515625 0.51171875 0.642578125
0 0.2981770828125 0.4111328125 0.2897135421875 0.40234375 0.2766927078125 0.3955078125 0.2610677078125 0.392578125 0.251953125 0.39501953125 0.1783854171875 0.45703125 0.1783854171875 0.4677734375 0.150390625 0.5029296875 0.177734375 0.505859375 0.21028645781250002 0.4892578125 0.22981770781250002 0.48095703125 0.30078125 0.42138671875 0.2981770828125 0.4111328125
0 0.24348958281250002 0.5107421875 0.2604166671875 0.5107421875 0.2779947921875 0.5087890625 0.3170572921875 0.49853515625 0.3587239578125 0.47509765625 0.3548177078125 0.46337890625 0.3444010421875 0.45166015625 0.3359375 0.4482421875 0.3203125 0.4443359375 0.24153645781250002 0.47509765625 0.23307291718749998 0.48876953125 0.1998697921875 0.50537109375 0.22330729218749998 0.51220703125 0.23567708281250002 0.50830078125 0.24348958281250002 0.5107421875
0 0.4140625 0.52734375 0.416015625 0.5322265625 0.44140625 0.5302734375 0.4361979171875 0.5263671875 0.4140625 0.52734375
0 0.59765625 0.56103515625 0.6119791671875 0.5654296875 0.6263020828125 0.5703125 0.63671875 0.5654296875 0.6901041671875 0.50244140625 0.689453125 0.49462890625 0.681640625 0.4873046875 0.669921875 0.4814453125 0.6555989578125 0.47509765625 0.642578125 0.47216796875 0.626953125 0.4736328125 0.580078125 0.5380859375 0.5787760421875 0.546875 0.5852864578125 0.5546875 0.59765625 0.56103515625
0 0.251953125 0.39453125 0.2630208328125 0.38818359375 0.2688802078125 0.3798828125 0.263671875 0.3701171875 0.2545572921875 0.3623046875 0.24348958281250002 0.3564453125 0.23372395781250002 0.35400390625 0.1529947921875 0.400390625 0.14453125 0.41845703125 0.1100260421875 0.443359375 0.1100260421875 0.4501953125 0.123046875 0.45703125 0.1614583328125 0.43896484375 0.1783854171875 0.4365234375 0.22526041718749998 0.4140625 0.251953125 0.39453125
0 0.23502604218749998 0.56640625 0.1881510421875 0.57568359375 0.1608072921875 0.5908203125 0.1634114578125 0.60498046875 0.1276041671875 0.65185546875 0.1842447921875 0.68408203125 0.205078125 0.705078125 0.21549479218749998 0.69873046875 0.2552083328125 0.70849609375 0.24348958281250002 0.68896484375 0.24934895781250002 0.64990234375 0.294921875 0.66943359375 0.337890625 0.6943359375 0.3639322921875 0.6611328125 0.4088541671875 0.599609375 0.322265625 0.5615234375 0.23502604218749998 0.56640625
0 0.5657552078125 0.26513671875 0.5924479171875 0.265625 0.6373697921875 0.23974609375 0.6555989578125 0.232421875 0.6627604171875 0.22314453125 0.6555989578125 0.18505859375 0.64453125 0.162109375 0.630859375 0.14013671875 0.5970052078125 0.13916015625 0.5677083328125 0.1474609375 0.5631510421875 0.15380859375 0.5807291671875 0.19091796875 0.568359375 0.25048828125 0.5657552078125 0.26513671875
0 0.7493489578125 0.37060546875 0.7571614578125 0.3486328125 0.7571614578125 0.33056640625 0.7805989578125 0.31103515625 0.8118489578125001 0.2626953125 0.8352864578125001 0.23486328125 0.86328125 0.17138671875 0.8717447921874999 0.16357421875 0.880859375 0.1181640625 0.84765625 0.10546875 0.7845052078125 0.09716796875 0.7493489578125 0.0927734375 0.7057291671875 0.11474609375 0.6966145828125 0.1357421875 0.673828125 0.15625 0.6608072921875 0.1865234375 0.6634114578125 0.22314453125 0.6223958328125 0.2509765625 0.5852864578125 0.32763671875 0.6217447921875 0.34326171875 0.6868489578125 0.36572265625 0.7493489578125 0.37060546875
0 0.302734375 0.20947265625 0.2805989578125 0.2119140625 0.2649739578125 0.232421875 0.2630208328125 0.25244140625 0.2903645828125 0.26025390625 0.3053385421875 0.27978515625 0.3177083328125 0.30517578125 0.341796875 0.333984375 0.3522135421875 0.34619140625 0.3509114578125 0.36181640625 0.3274739578125 0.35888671875 0.3177083328125 0.3779296875 0.3352864578125 0.38525390625 0.3229166671875 0.431640625 0.35546875 0.45947265625 0.4225260421875 0.48486328125 0.4381510421875 0.47509765625 0.501953125 0.43408203125 0.5208333328125 0.40869140625 0.4954427078125 0.40478515625 0.46875 0.40869140625 0.4342447921875 0.4423828125 0.3841145828125 0.435546875 0.380859375 0.42578125 0.439453125 0.392578125 0.44140625 0.3779296875 0.4479166671875 0.376953125 0.4544270828125 0.3544921875 0.4420572921875 0.3427734375 0.427734375 0.333984375 0.4381510421875 0.314453125 0.4016927078125 0.287109375 0.3834635421875 0.28515625 0.3678385421875 0.2626953125 0.3294270828125 0.24560546875 0.3385416671875 0.203125 0.3235677078125 0.21826171875 0.314453125 0.21630859375 0.302734375 0.20947265625
0 0.6458333328125 0.38037109375 0.6399739578125 0.37548828125 0.4661458328125 0.45947265625 0.4720052078125 0.4619140625 0.6458333328125 0.38037109375
0 0.2630208328125 0.552734375 0.2779947921875 0.55859375 0.3515625 0.56298828125 0.3658854171875 0.5615234375 0.3802083328125 0.5517578125 0.3860677078125 0.53369140625 0.3873697921875 0.51708984375 0.3782552078125 0.5087890625 0.3541666671875 0.4951171875 0.3385416671875 0.49462890625 0.322265625 0.4990234375 0.2701822921875 0.51025390625 0.2545572921875 0.517578125 0.2513020828125 0.52783203125 0.251953125 0.5439453125 0.2630208328125 0.552734375
0 0.123046875 0.51904296875 0.1119791671875 0.51904296875 0.11328125 0.5341796875 0.134765625 0.55224609375 0.1432291671875 0.5517578125 0.158203125 0.56103515625 0.1725260421875 0.55078125 0.177734375 0.544921875 0.22721354218749998 0.5361328125 0.2265625 0.5478515625 0.20963541718749998 0.5458984375 0.1998697921875 0.5625 0.203125 0.57177734375 0.294921875 0.5595703125 0.2766927078125 0.5576171875 0.2630208328125 0.5537109375 0.2513020828125 0.54345703125 0.2506510421875 0.53271484375 0.2506510421875 0.52197265625 0.205078125 0.51025390625 0.1184895828125 0.501953125 0.1184895828125 0.51123046875 0.1295572921875 0.51904296875 0.123046875 0.51904296875