0 0.6018518515625 0.6946924609375 0.6445105812499999 0.672123015625 0.5744047625 0.5959821421875 0.434854496875 0.6639384921875 0.5072751328125 0.7462797625 0.6018518515625 0.6946924609375
0 0.5879629625 0.794146825 0.5849867718749999 0.7899305562500001 0.5634920640625001 0.7899305562500001 0.5638227515625001 0.7834821421875 0.5744047625 0.7800099203124999 0.55687830625 0.7574404765625 0.590939153125 0.7457837296875 0.5945767203125001 0.7413194437499999 0.5988756609375 0.7018849203124999 0.5925925921874999 0.693700396875 0.590608465625 0.6966765875 0.5846560843749999 0.6924603171875 0.578373015625 0.6825396828125 0.577380953125 0.6736111109375 0.47883597812499995 0.6604662703125 0.453042328125 0.80009920625 0.5846560843749999 0.8137400796875 0.5879629625 0.794146825
0 0.43154761875 0.40178571406249997 0.428240740625 0.3990575390625 0.41071428593750003 0.396329365625 0.408730159375 0.3943452375 0.3379629625 0.37177579375 0.29497354531250003 0.41493055625 0.29100529062499997 0.42782738125 0.2820767203125 0.43055555625 0.26818783125 0.4484126984375 0.264880953125 0.4518849203125 0.3581349203125 0.4764384921875 0.40674603125 0.42559523749999995 0.4047619046875 0.4206349203125 0.4047619046875 0.4166666671875 0.43154761875 0.40178571406249997
0 0.178240740625 0.7745535718750001 0.1749338625 0.7708333328125 0.17526455000000002 0.7671130953125 0.15972222187500001 0.76512896875 0.1421957671875 0.768353175 0.15178571406250002 0.7730654765625 0.165674603125 0.7770337296875 0.146825396875 0.784226190625 0.1382275125 0.7919146828125 0.13955026406249998 0.7978670640625001 0.19378306875 0.7757936515625 0.1984126984375 0.7728174609375 0.1977513234375 0.769097221875 0.178240740625 0.7745535718750001
0 0.1375661375 0.6919642859375 0.1428571421875 0.6773313484375 0.14351851875 0.6703869046875 0.110119046875 0.6914682546875001 0.13128306875 0.7075892859375 0.14087301562500001 0.703373015625 0.1375661375 0.6919642859375
0 0.165674603125 0.690228175 0.1580687828125 0.6810515875 0.1365740734375 0.6914682546875001 0.1392195765625 0.705853175 0.16501322812500002 0.7142857140625 0.165674603125 0.690228175
0 0.17989417968750002 0.7207341265625 0.1917989421875 0.716269840625 0.16798941875 0.6984126984375 0.16501322812500002 0.7120535718750001 0.17294973593750002 0.71924603125 0.17989417968750002 0.7207341265625
0 0.133597884375 0.752728175 0.1382275125 0.7509920640625001 0.1329365078125 0.7447916671875 0.1144179890625 0.737103175 0.1144179890625 0.7408234125 0.11507936562500001 0.749255953125 0.1167328046875 0.752480159375 0.133597884375 0.752728175
0 0.6124338625 0.47867063437499996 0.6183862437500001 0.48214285781250005 0.624338625 0.47867063437499996 0.6203703703125 0.4637896828125 0.6114417984375 0.4608134921875 0.5952380953125 0.466269840625 0.5929232796874999 0.47296627031250005 0.596560846875 0.47569444375 0.6124338625 0.47867063437499996
0 0.45899470937500003 0.49553571406249997 0.440476190625 0.47247023749999995 0.428571428125 0.4828869046875 0.43055555625 0.4858630953125 0.45899470937500003 0.49553571406249997
0 0.56878306875 0.40228174531249994 0.577711640625 0.3918650796875 0.5737433859375 0.3859126984375 0.541005290625 0.38467261875 0.54431216875 0.375 0.546957671875 0.36631944375000003 0.552910053125 0.36036706406249996 0.5522486765625 0.35342261875 0.559854496875 0.35887896874999997 0.559854496875 0.3551587296875 0.5486111109375 0.3487103171875 0.5505952375 0.3454861109375 0.53174603125 0.3353174609375 0.5264550265625 0.327876984375 0.5386904765625 0.3318452375 0.5357142859375 0.3258928578125 0.521825396875 0.32118055624999997 0.509259259375 0.315476190625 0.5042989421875 0.3105158734375 0.509920634375 0.3050595234375 0.509920634375 0.30034722187499996 0.4986772484375 0.30803571406249997 0.49338624375 0.296875 0.48842592656250006 0.3005952375 0.4920634921875 0.3087797625 0.4996693125 0.31597222187499996 0.49669312187500003 0.3226686515625 0.48015872968749995 0.314980159375 0.47288359843750005 0.3144841265625 0.4828042328125 0.3258928578125 0.4861111109375 0.3363095234375 0.49669312187500003 0.34325396874999997 0.5138888890625 0.3487103171875 0.5178571421875 0.34821428593750003 0.525132275 0.35044642812500004 0.534391534375 0.3571428578125 0.537367725 0.36383928593750003 0.5357142859375 0.37152777812500004 0.5367063484375 0.3814484125 0.525132275 0.37946428593750003 0.5198412703125 0.374255953125 0.5132275125 0.375 0.5052910046875 0.3789682546875 0.5 0.3831845234375 0.490740740625 0.37847222187499996 0.4831349203125 0.3769841265625 0.46428571406249997 0.3769841265625 0.4517195765625 0.3769841265625 0.440145503125 0.3804563484375 0.43386243437500005 0.384920634375 0.4249338625 0.388144840625 0.41633597812499995 0.39012896874999997 0.4169973546875 0.3960813484375 0.43154761875 0.4114583328125 0.43816137499999996 0.41765872968749995 0.44609788437500003 0.42609127031250005 0.45502645468749997 0.43154761875 0.46494709062500006 0.4360119046875 0.471230159375 0.43973214218749995 0.47585978906250004 0.44618055625 0.48082010625000005 0.44940476250000005 0.4874338625 0.44940476250000005 0.491071428125 0.44940476250000005 0.4986772484375 0.44940476250000005 0.5241402109375 0.4322916671875 0.525132275 0.4270833328125 0.546957671875 0.4166666671875 0.56878306875 0.40228174531249994