0 0.5358072921875 0.12109375 0.5260416671875 0.146484375 0.5390625 0.1552734375 0.5436197921875 0.16650390625 0.5924479171875 0.18408203125 0.62109375 0.171875 0.6243489578125 0.1337890625 0.58984375 0.11865234375 0.5579427078125 0.1142578125 0.546875 0.12158203125 0.5358072921875 0.12109375
0 0.56640625 0.27197265625 0.5950520828125 0.28515625 0.6184895828125 0.27197265625 0.6184895828125 0.259765625 0.6341145828125 0.2353515625 0.625 0.21728515625 0.5768229171875 0.19921875 0.5611979171875 0.2021484375 0.54296875 0.22802734375 0.54296875 0.2529296875 0.56640625 0.27197265625
0 0.443359375 0.658203125 0.4537760421875 0.6376953125 0.46875 0.62109375 0.4615885421875 0.611328125 0.4479166671875 0.607421875 0.4375 0.60498046875 0.4205729171875 0.623046875 0.4147135421875 0.6337890625 0.3938802078125 0.65234375 0.3841145828125 0.6640625 0.3854166671875 0.67626953125 0.3736979171875 0.6962890625 0.3938802078125 0.7041015625 0.4029947921875 0.69091796875 0.4270833328125 0.6826171875 0.443359375 0.658203125
0 0.6380208328125 0.68212890625 0.6458333328125 0.67578125 0.66015625 0.68115234375 0.6666666671875 0.6669921875 0.6536458328125 0.6591796875 0.64453125 0.646484375 0.61328125 0.62939453125 0.5846354171875 0.60888671875 0.5625 0.6240234375 0.55859375 0.63623046875 0.58984375 0.6533203125 0.6380208328125 0.68212890625
0 0.38671875 0.4873046875 0.3626302078125 0.48486328125 0.3489583328125 0.51416015625 0.3509114578125 0.521484375 0.3001302078125 0.58740234375 0.3098958328125 0.59033203125 0.3619791671875 0.52392578125 0.39453125 0.51611328125 0.3971354171875 0.50390625 0.38671875 0.4873046875
0 0.5872395828125 0.86083984375 0.6067708328125 0.861328125 0.6276041671875 0.873046875 0.640625 0.86328125 0.6302083328125 0.853515625 0.625 0.83154296875 0.62109375 0.818359375 0.5950520828125 0.79345703125 0.58203125 0.78515625 0.5716145828125 0.76904296875 0.5572916671875 0.7587890625 0.5442708328125 0.75830078125 0.50390625 0.7802734375 0.52734375 0.80859375 0.5481770828125 0.8291015625 0.5872395828125 0.86083984375
0 0.7018229171875 0.703125 0.71484375 0.72607421875 0.7018229171875 0.74267578125 0.7278645828125 0.7607421875 0.7473958328125 0.7587890625 0.751953125 0.74609375 0.7727864578125 0.74853515625 0.7786458328125 0.734375 0.7623697921875 0.72314453125 0.7623697921875 0.70556640625 0.7545572921875 0.689453125 0.7473958328125 0.6787109375 0.7591145828125 0.64404296875 0.7649739578125 0.61865234375 0.7506510421875 0.59619140625 0.7141927078125 0.578125 0.697265625 0.5712890625 0.6998697921875 0.599609375 0.7063802078125 0.630859375 0.6985677078125 0.68017578125 0.7018229171875 0.703125
0 0.7434895828125 0.7646484375 0.7213541671875 0.76953125 0.6953125 0.77099609375 0.68359375 0.7890625 0.6875 0.81298828125 0.7018229171875 0.82421875 0.7356770828125 0.8193359375 0.7565104171875 0.8056640625 0.78125 0.77783203125 0.7994791671875 0.75732421875 0.81640625 0.7421875 0.8177083328125001 0.7255859375 0.8372395828125001 0.71044921875 0.81640625 0.69580078125 0.8072916671874999 0.7158203125 0.77734375 0.7255859375 0.7799479171875 0.744140625 0.76171875 0.75146484375 0.7434895828125 0.7646484375
0 0.20052083281250002 0.91455078125 0.23177083281250002 0.921875 0.24348958281250002 0.9111328125 0.236328125 0.8828125 0.1946614578125 0.8984375 0.1998697921875 0.90673828125 0.20052083281250002 0.91455078125
0 0.6302083328125 0.96240234375 0.6471354171875 0.9677734375 0.65234375 0.95166015625 0.640625 0.93798828125 0.5677083328125 0.94677734375 0.5520833328125 0.94140625 0.44921875 0.9462890625 0.4283854171875 0.97998046875 0.50390625 0.97998046875 0.6302083328125 0.96240234375
0 0.4075520828125 0.19921875 0.3782552078125 0.2158203125 0.4029947921875 0.236328125 0.4485677078125 0.208984375 0.4446614578125 0.1943359375 0.4075520828125 0.19921875
0 0.7265625 0.17626953125 0.75 0.17041015625 0.7565104171875 0.1572265625 0.7317708328125 0.11376953125 0.7083333328125 0.09521484375 0.69140625 0.11279296875 0.6809895828125 0.13427734375 0.7265625 0.17626953125
0 0.8522135421874999 0.18896484375 0.8424479171874999 0.18359375 0.8346354171874999 0.19580078125 0.837890625 0.20361328125 0.8515625 0.19873046875 0.8522135421874999 0.18896484375
0 0.8255208328125001 0.22802734375 0.8333333328125001 0.22607421875 0.8203125 0.20703125 0.8046875 0.20068359375 0.8072916671874999 0.21826171875 0.8138020828125001 0.23388671875 0.8255208328125001 0.22802734375
0 0.255859375 0.9990234375 0.3444010421875 0.94677734375 0.3385416671875 0.94091796875 0.244140625 0.99365234375 0.255859375 0.9990234375
0 0.6067708328125 0.46484375 0.6080729171875 0.45458984375 0.59765625 0.44873046875 0.5885416671875 0.46044921875 0.59765625 0.46826171875 0.6067708328125 0.46484375
0 0.4700520828125 0.38525390625 0.4869791671875 0.38623046875 0.48828125 0.36767578125 0.4817708328125 0.3544921875 0.4680989578125 0.35986328125 0.4661458328125 0.375 0.4700520828125 0.38525390625
0 0.51171875 0.2666015625 0.4791666671875 0.255859375 0.4739583328125 0.27197265625 0.4908854171875 0.27392578125 0.5052083328125 0.27587890625 0.51171875 0.2666015625