0 0.044 0.7615000000000001 0.044 0.76475 0.06933333281250001 0.7655000000000001 0.0726666671875 0.761 0.044 0.7615000000000001
0 0.125 0.7625 0.1266666671875 0.7657499999999999 0.1453333328125 0.76525 0.1453333328125 0.7615000000000001 0.125 0.7625
0 0.3846666671875 0.7375 0.3846666671875 0.7344999999999999 0.37033333281249997 0.73625 0.37033333281249997 0.74125 0.3846666671875 0.7375
0 0.1593333328125 0.5815 0.161 0.58475 0.17733333281250002 0.5815 0.17533333281250002 0.57875 0.1593333328125 0.5815
0 0.3586666671875 0.577 0.3573333328125 0.5825 0.3763333328125 0.5795 0.37533333281250003 0.57625 0.3586666671875 0.577
0 0.2438888890625 0.5699583328125 0.24300000000000002 0.57125 0.25 0.563547709375 0.25166666718749997 0.5635954203125 0.24733333281249997 0.5625 0.2463333328125 0.5615 0.24100000000000002 0.56825 0.242 0.56975 0.2438888890625 0.5699583328125
0 0.46683333281249995 0.57225 0.46699999999999997 0.57475 0.4803333328125 0.5745 0.4796666671875 0.5700000000000001 0.46675000000000005 0.571 0.46666666718750005 0.56975 0.46333333281250005 0.5696545796875 0.46683333281249995 0.57225
0 0.9976666671875 0.6980000000000001 0.9956666671875001 0.6950000000000001 0.9756666671875 0.70475 0.983 0.7082499999999999 0.9976666671875 0.6980000000000001
0 0.7376666671875001 0.72075 0.7376666671875001 0.7255 0.757 0.72675 0.7583333328124999 0.72325 0.7376666671875001 0.72075
0 0.737 0.53575 0.7383333328125 0.5395 0.7566666671875 0.53175 0.7533333328125 0.5277499999999999 0.737 0.53575
0 0.767 0.542 0.761 0.54725 0.7823333328125 0.5575 0.7846666671875 0.55375 0.767 0.542
0 0.9029999999999999 0.7665 0.9109999999999999 0.7424999999999999 0.9053333328125 0.73975 0.8813333328124999 0.75125 0.8583333328125 0.7657499999999999 0.9029999999999999 0.7665
0 0.833 0.6735 0.843 0.6765 0.8470000000000001 0.673 0.8480000000000001 0.66725 0.8480000000000001 0.6645 0.8383333328125 0.6615 0.8336666671874999 0.66175 0.8300000000000001 0.6665 0.8300000000000001 0.6695 0.833 0.6735
0 0.7423333328124999 0.73575 0.7356666671875 0.72775 0.7256666671875001 0.717 0.701 0.702 0.6910000000000001 0.7055 0.7123333328125 0.7384999999999999 0.7426666671875 0.7577499999999999 0.762 0.7505 0.747 0.6865 0.7323333328125 0.68975 0.7376666671875001 0.7095 0.7423333328124999 0.73575
0 0.5546666671875 0.6675 0.553 0.6735 0.5573333328125 0.68125 0.5456666671875 0.68175 0.548 0.6915 0.563 0.6855 0.5736666671874999 0.6837500000000001 0.575 0.6799999999999999 0.5783333328125 0.67225 0.5903333328125 0.643 0.5776666671874999 0.6395 0.568 0.6575 0.549 0.62825 0.5383333328125001 0.63475 0.5599999999999999 0.66425 0.5546666671875 0.6675
0 0.4113333328125 0.72425 0.413 0.7335 0.49133333281249997 0.7190000000000001 0.48966666718749996 0.70975 0.44566666718750003 0.71725 0.41200000000000003 0.7195 0.4113333328125 0.72425
0 0.4683333328125 0.7617499999999999 0.46699999999999997 0.7657499999999999 0.4893333328125 0.76625 0.48733333281249996 0.76225 0.4683333328125 0.7617499999999999
0 0.6026666671875 0.68925 0.6006666671875001 0.69425 0.607 0.73125 0.6136666671875 0.73625 0.623 0.7382500000000001 0.6813333328125 0.73375 0.6733333328125 0.687 0.6626666671875 0.6785 0.6103333328125 0.68225 0.6026666671875 0.68925