0 0.826 0.6 0.8573333328125001 0.58375 0.8553333328124999 0.57325 0.8506666671875 0.55775 0.8446666671875 0.54425 0.8226666671875 0.5205 0.8313333328124999 0.519 0.836 0.51625 0.836 0.5085 0.8313333328124999 0.5042500000000001 0.8306666671875 0.49850000000000005 0.8266666671875 0.48624999999999996 0.8213333328125 0.48775 0.8073333328125001 0.49000000000000005 0.7973333328125001 0.49325 0.782 0.49325 0.768 0.48724999999999996 0.7426666671875 0.47424999999999995 0.7173333328125 0.4625 0.6773333328125 0.46299999999999997 0.67 0.46325000000000005 0.6553333328125001 0.46399999999999997 0.5993333328125 0.47375 0.5773333328125 0.47800000000000004 0.5533333328125 0.48250000000000004 0.49733333281250003 0.48925 0.48666666718749996 0.49375 0.4806666671875 0.501 0.476 0.50725 0.47066666718750005 0.51 0.472 0.5145 0.4766666671875 0.5207499999999999 0.48200000000000004 0.5345 0.4806666671875 0.546 0.484 0.5545 0.4813333328125 0.56075 0.47533333281249995 0.56775 0.47466666718750006 0.571 0.47133333281249995 0.5765 0.47133333281249995 0.58075 0.4773333328125 0.58425 0.49000000000000005 0.60975 0.49066666718749996 0.61375 0.504 0.6224999999999999 0.5146666671875 0.6265 0.526 0.62675 0.5286666671875 0.6252500000000001 0.546 0.623 0.554 0.624 0.5666666671875 0.6245 0.5713333328125 0.623 0.5786666671875 0.6214999999999999 0.5853333328125 0.618 0.5940000000000001 0.61675 0.6086666671875001 0.61575 0.6173333328124999 0.61425 0.634 0.61225 0.6586666671875 0.6134999999999999 0.6926666671875 0.6134999999999999 0.748 0.6094999999999999 0.7533333328125 0.61 0.792 0.6054999999999999 0.826 0.6
0 0.8846666671875001 0.5934999999999999 0.8480000000000001 0.61075 0.8303333328125 0.622 0.8163333328125001 0.62225 0.8029999999999999 0.6235 0.7903333328125 0.6287499999999999 0.686 0.6945 0.6783333328125 0.705 0.679 0.7155 0.6853333328125 0.727 0.71 0.7464999999999999 0.732 0.753 0.7433333328125 0.75075 0.852 0.67525 0.8573333328125001 0.66875 0.8646666671875 0.65625 0.8636666671875 0.64525 0.9003333328125 0.6172500000000001 0.9123333328125 0.602 0.9119999999999999 0.59875 0.8949999999999999 0.58975 0.8846666671875001 0.5934999999999999
0 0.6 0.6905 0.6156666671875 0.6905 0.7596666671875 0.62725 0.7666666671875 0.62 0.763 0.612 0.759 0.60975 0.689 0.6144999999999999 0.6436666671875 0.61375 0.6163333328125 0.61525 0.5833333328125 0.6287499999999999 0.5673333328125 0.6367499999999999 0.563 0.63975 0.5643333328125 0.655 0.5743333328125 0.6735 0.5883333328125 0.688 0.6 0.6905
0 0.2873333328125 0.225 0.2703333328125 0.22225 0.2703333328125 0.22525 0.2873333328125 0.2285 0.2873333328125 0.225
0 0.4436666671875 0.53 0.47366666718749995 0.5700000000000001 0.47933333281249996 0.5635 0.44800000000000006 0.52525 0.4436666671875 0.53
0 0.7706666671875 0.47775 0.765 0.47375 0.755 0.4805 0.7603333328125 0.48425 0.7706666671875 0.47775
0 0.5906666671874999 0.43949999999999995 0.5940000000000001 0.44375 0.612 0.433 0.6063333328125 0.43200000000000005 0.5906666671874999 0.43949999999999995
0 0.9436666671875 0.507 0.95 0.5055 0.9373333328125 0.493 0.9296666671875 0.49625 0.9380000000000001 0.50475 0.9436666671875 0.507
0 0.865 0.45075000000000004 0.8503333328125 0.45549999999999996 0.8506666671875 0.45925000000000005 0.8543333328125 0.45949999999999996 0.8710000000000001 0.45675 0.8713333328124999 0.454 0.8683333328125 0.45125000000000004 0.865 0.45075000000000004
0 0.9653333328124999 0.6252500000000001 0.9563333328124999 0.6265 0.953 0.6295 0.9566666671874999 0.635 0.976 0.641 0.9826666671875 0.6375 0.9813333328124999 0.6325000000000001 0.9653333328124999 0.6252500000000001
0 0.7110000000000001 0.799 0.7146666671874999 0.8035 0.7196666671874999 0.8039999999999999 0.7226666671875 0.8022500000000001 0.714 0.78275 0.709 0.78 0.7070000000000001 0.7835 0.7110000000000001 0.799
0 0.7093333328125 0.13574999999999998 0.7153333328125 0.1345 0.7256666671875001 0.13525 0.7383333328125 0.13674999999999998 0.7476666671875 0.13574999999999998 0.7646666671875 0.1405 0.7763333328125 0.146 0.7766666671875 0.1515 0.7786666671875 0.154 0.7856666671875 0.15425 0.7906666671875 0.152 0.7996666671875 0.1505 0.8053333328125 0.14525 0.8119999999999999 0.142 0.8099999999999999 0.135 0.8016666671875001 0.13374999999999998 0.8006666671874999 0.13674999999999998 0.7943333328125 0.141 0.7926666671875 0.13574999999999998 0.79 0.1325 0.7896666671875 0.129 0.786 0.13025 0.78 0.132 0.779 0.127 0.778 0.122 0.7746666671875 0.121 0.7596666671875 0.11975 0.75 0.12075 0.738 0.12075 0.7276666671875 0.11950000000000001 0.7196666671874999 0.11950000000000001 0.7033333328125 0.12075 0.6983333328125 0.12350000000000001 0.6940000000000001 0.12575 0.686 0.12925 0.6923333328125 0.13425 0.6936666671875 0.13874999999999998 0.6990000000000001 0.13874999999999998 0.7093333328125 0.13574999999999998