0 0.08349999999999999 0.523 0.08349999999999999 0.548 0.093 0.577 0.10700000000000001 0.5980000000000001 0.12425 0.6126666671875001 0.146 0.6166666671875001 0.16325 0.5916666671875 0.1915 0.5980000000000001 0.20074999999999998 0.6206666671875001 0.21949999999999997 0.604 0.2445 0.5936666671874999 0.27425 0.5706666671875 0.29300000000000004 0.5646666671875 0.28675 0.5353333328125001 0.21949999999999997 0.477 0.21025 0.4563333328125 0.1945 0.4603333328125 0.2085 0.496 0.157 0.523 0.15225 0.5563333328125 0.15225 0.5313333328125001 0.1305 0.5186666671875 0.11325 0.5186666671875 0.08349999999999999 0.523
0 0.72975 0.9563333328124999 0.7264999999999999 0.9353333328125 0.73125 0.8833333328125 0.6639999999999999 0.8146666671875 0.6405000000000001 0.8666666671875 0.61875 0.9039999999999999 0.661 0.9460000000000001 0.6845 0.9730000000000001 0.72975 0.9563333328124999
0 0.571 0.8126666671875 0.5820000000000001 0.8333333328125001 0.59925 0.8396666671874999 0.618 0.8333333328125001 0.621 0.8103333328125 0.621 0.7896666671875 0.607 0.775 0.621 0.7293333328125 0.6415 0.7146666671874999 0.66325 0.704 0.657 0.675 0.632 0.675 0.58525 0.6706666671875 0.529 0.6833333328125 0.5055 0.702 0.50225 0.752 0.50225 0.8 0.5335 0.8166666671874999 0.55225 0.8146666671875 0.571 0.8126666671875
0 0.68925 0.4853333328125 0.7065 0.48733333281249996 0.72375 0.5166666671875 0.7252500000000001 0.5373333328125 0.7424999999999999 0.5396666671875 0.7705 0.5333333328125 0.7925 0.5396666671875 0.808 0.546 0.8300000000000001 0.5626666671875 0.83775 0.5436666671875 0.833 0.5166666671875 0.82675 0.48733333281249996 0.8237500000000001 0.46266666718750005 0.79725 0.454 0.77675 0.4563333328125 0.73625 0.43966666718749997 0.73925 0.47933333281249996 0.7205 0.47066666718750005 0.70025 0.46666666718750005 0.68925 0.4853333328125
0 0.27925 0.8859999999999999 0.23374999999999999 0.9359999999999999 0.23374999999999999 0.9736666671875 0.25725 0.9883333328124999 0.27925 0.9526666671875 0.301 0.9216666671875 0.30425 0.8986666671875 0.34325 0.8883333328124999 0.36675 0.8800000000000001 0.3635 0.8506666671875 0.32125 0.8443333328125 0.28700000000000003 0.8443333328125 0.27925 0.8859999999999999
0 0.5377500000000001 0.5466666671875 0.5377500000000001 0.5173333328124999 0.52225 0.49233333281249997 0.50175 0.4943333328125 0.47675 0.4966666671875 0.4565 0.4903333328125 0.43150000000000005 0.48600000000000004 0.391 0.48600000000000004 0.358 0.4903333328125 0.3315 0.48600000000000004 0.3205 0.5193333328125 0.3285 0.5506666671875 0.344 0.561 0.366 0.5653333328125 0.3815 0.5736666671874999 0.3815 0.5966666671875 0.3785 0.6193333328125 0.38775 0.6486666671875 0.40800000000000003 0.655 0.43150000000000005 0.6506666671875 0.45975 0.6526666671875 0.47850000000000004 0.6173333328124999 0.48925 0.5776666671874999 0.50975 0.5653333328125 0.5377500000000001 0.5466666671875
0 0.19175 0.657 0.19624999999999998 0.7110000000000001 0.21200000000000002 0.734 0.24474999999999997 0.757 0.26675 0.757 0.2855 0.7673333328124999 0.2995 0.7403333328125 0.315 0.7236666671875 0.33075 0.7133333328125 0.35575 0.705 0.38075000000000003 0.6839999999999999 0.3775 0.657 0.3245 0.5966666671875 0.2995 0.5693333328125 0.248 0.6026666671875 0.21200000000000002 0.6236666671875 0.19175 0.657
0 0.67675 0.5333333328125 0.68625 0.5626666671875 0.7190000000000001 0.5416666671875 0.71425 0.5083333328124999 0.70025 0.4916666671875 0.67225 0.504 0.67675 0.5333333328125
0 0.9730000000000001 0.186 0.99 0.1776666671875 0.9792500000000001 0.1443333328125 0.9557499999999999 0.1403333328125 0.9730000000000001 0.186
0 0.97675 0.8236666671874999 0.9955 0.8216666671875 0.99725 0.759 0.9925 0.7383333328125 0.966 0.7443333328125 0.9315 0.736 0.9189999999999999 0.7693333328125 0.9285 0.807 0.944 0.836 0.97675 0.8236666671874999
0 0.6667500000000001 0.4436666671875 0.6837500000000001 0.425 0.66825 0.4146666671875 0.64625 0.4103333328125 0.6447499999999999 0.4373333328125 0.6667500000000001 0.4436666671875
0 0.61275 0.4373333328125 0.5940000000000001 0.4126666671875 0.58 0.38533333281250004 0.56425 0.37933333281250003 0.54875 0.446 0.5347500000000001 0.4583333328125 0.53925 0.4853333328125 0.558 0.5126666671875 0.5690000000000001 0.5293333328125 0.58925 0.5333333328125 0.61425 0.5353333328125001 0.6425 0.5 0.63925 0.45199999999999996 0.633 0.42933333281249997 0.61275 0.4373333328125
0 0.5355000000000001 0.3846666671875 0.5135 0.37 0.5417910953125 0.4077214609375 0.54475 0.4056666671875 0.5355000000000001 0.3846666671875
0 0.5417910953125 0.4077214609375 0.50875 0.4306666671875 0.54475 0.41166666718749995 0.5417910953125 0.4077214609375
0 0.23775 0.364 0.24874999999999997 0.391 0.2815 0.3866666671875 0.266 0.3556666671875 0.23775 0.364
0 0.22599999999999998 0.3756666671875 0.19624999999999998 0.2943333328125 0.162 0.32566666718750004 0.1855 0.3883333328125 0.22599999999999998 0.3756666671875
0 0.93775 0.596 0.87675 0.5626666671875 0.8535 0.604 0.9175000000000001 0.627 0.93775 0.596