0 0.060256410937500005 0.11129807656249999 0.084294871875 0.0949519234375 0.109294871875 0.075 0.1394230765625 0.056009615624999995 0.16923076875 0.024278846875000003 0.1955128203125 0 0.0009615390624999999 0.00048076875000000005 0 0.0923076921875 0.060256410937500005 0.11129807656249999
0 0.3955128203125 0.017067307812499998 0.377564103125 0.0177884609375 0.37788461562500003 0.026682692187500003 0.3865384609375 0.0264423078125 0.39070512812499997 0.0353365390625 0.3983974359375 0.0396634609375 0.3996794875 0.03701923125 0.425641025 0.0451923078125 0.4483974359375 0.06947115312499999 0.45416666718750004 0.057692307812499996 0.4448717953125 0.015625 0.4637820515625 0.00985576875 0.47051282031249997 0 0.3948717953125 0.00024038437500000003 0.3929487171875 0.006971153125 0.3955128203125 0.017067307812499998
0 0.9666666671874999 0.20889423125 0.986858975 0.20432692343749997 0.999358975 0.1858173078125 0.999358975 0.1771634609375 0.9926282046875 0.165625 0.9846153843750001 0.1699519234375 0.98141025625 0.16418269218749998 0.8990384609375001 0.174759615625 0.8804487171875 0.197596153125 0.8858974359375 0.209375 0.958653846875 0.2014423078125 0.9666666671874999 0.20889423125
0 0.6048076921875001 0.127884615625 0.5942307687499999 0.12331730781250001 0.590705128125 0.125240384375 0.58076923125 0.12427884687499999 0.5605769234375 0.131490384375 0.558653846875 0.138221153125 0.5551282046875 0.141346153125 0.538141025 0.146634615625 0.5846153843749999 0.1985576921875 0.6282051281250001 0.17980769218749998 0.63108974375 0.171875 0.5958333328125 0.1427884609375 0.6048076921875001 0.127884615625
0 0.5032051281250001 0.2887019234375 0.42980769218750003 0.275 0.3320512828125 0.24735576875 0.32788461562500004 0.3048076921875 0.4916666671875 0.3375 0.5032051281250001 0.2887019234375
0 0.45993589687499997 0.350240384375 0.4737179484375 0.3521634609375 0.49294871718750005 0.337259615625 0.49391025624999996 0.35673076875 0.5137820515625 0.3605769234375 0.509294871875 0.306009615625 0.4990384609375 0.25576923125 0.490705128125 0.2550480765625 0.4858974359375 0.240865384375 0.42852564062500004 0.24735576875 0.43076923125000005 0.2519230765625 0.421794871875 0.252403846875 0.42948717968750005 0.2735576921875 0.4583333328125 0.3331730765625 0.45993589687499997 0.350240384375
0 0.23173076875 0.5932692312500001 0.224358975 0.5875 0.2134615390625 0.5879807687499999 0.20352564062499998 0.5834134609375 0.1894230765625 0.5855769234375 0.18141025625 0.5824519234375 0.171474359375 0.5826923078124999 0.1602564109375 0.5793269234375 0.15128205156250002 0.5802884609375 0.14455128281250001 0.5795673078125 0.13269230781250002 0.5762019234375 0.1141025640625 0.6146634609375 0.11538461562499999 0.6206730765625 0.191025640625 0.640384615625 0.23878205156250001 0.6509615390625 0.2554487171875 0.6557692312500001 0.29006410312500003 0.6646634609375 0.3205128203125 0.6141826921875 0.2826923078125 0.6036057687499999 0.27692307656250004 0.5990384609375 0.24711538437499997 0.5932692312500001 0.23173076875 0.5932692312500001
0 0.5477564109374999 0.13076923125 0.552564103125 0.1355769234375 0.5583333328125 0.1375 0.574358975 0.12764423125 0.5711538468749999 0.11826923125 0.5625 0.115625 0.5560897437500001 0.115865384375 0.5477564109374999 0.1237980765625 0.5477564109374999 0.13076923125
0 0.5628205125 0.7514423078125 0.5923076921875 0.73798076875 0.5519230765625001 0.6478365390625 0.5554487171875 0.709375 0.5628205125 0.7514423078125
0 0.288141025 0.1677884609375 0.2637820515625 0.1480769234375 0.253846153125 0.1490384609375 0.2541666671875 0.152884615625 0.25865384687500004 0.190384615625 0.271794871875 0.2084134609375 0.2605769234375 0.2146634609375 0.225 0.2322115390625 0.240064103125 0.2459134609375 0.2641025640625 0.24206730781250002 0.30384615312499996 0.23701923125 0.3266025640625 0.22211538437499997 0.3365384609375 0.17091346093749998 0.309935896875 0.15048076875 0.3012820515625 0.16418269218749998 0.29711538437499996 0.16875 0.288141025 0.1677884609375
0 0.4496794875 0.1360576921875 0.447115384375 0.1516826921875 0.458653846875 0.17091346093749998 0.5048076921875 0.2240384609375 0.5358974359374999 0.2459134609375 0.5477564109374999 0.24326923125 0.566025640625 0.24399038437499998 0.5772435890625001 0.23389423125 0.5766025640625 0.22692307656250002 0.5884615390625 0.221875 0.588141025 0.2084134609375 0.5801282046875 0.19182692343750002 0.56858974375 0.18317307656249998 0.5169871796875001 0.127403846875 0.503846153125 0.11995192343750001 0.4916666671875 0.11706730781250001 0.483974359375 0.11706730781250001 0.4759615390625 0.11298076875 0.4625 0.10576923125 0.453205128125 0.0985576921875 0.4426282046875 0.08846153906250001 0.422435896875 0.096153846875 0.421794871875 0.10456730781250001 0.42948717968750005 0.1125 0.4496794875 0.1360576921875
0 0.5964743593749999 0.26995192343749996 0.5826923078124999 0.283653846875 0.58173076875 0.2954326921875 0.5516025640625 0.3295673078125 0.5365384609375 0.34326923125 0.5301282046875 0.3512019234375 0.528205128125 0.3543269234375 0.540705128125 0.36610576875 0.558653846875 0.362740384375 0.5673076921875 0.353365384375 0.6147435890625 0.3293269234375 0.6352564109375 0.3262019234375 0.6580128203125 0.313221153125 0.70673076875 0.2735576921875 0.734294871875 0.2521634609375 0.7483974359375 0.240625 0.7519230765625 0.227403846875 0.750641025 0.2115384609375 0.7384615390625 0.2052884609375 0.7298076921875001 0.2052884609375 0.727564103125 0.197596153125 0.721153846875 0.1923076921875 0.7128205125 0.193028846875 0.684615384375 0.2052884609375 0.6583333328125 0.2240384609375 0.6266025640625 0.247596153125 0.5964743593749999 0.26995192343749996
0 0.5887820515625 0.3769230765625 0.5628205125 0.37235576875 0.5205128203125 0.36394230781250003 0.4753205125 0.353846153125 0.44038461562500003 0.34663461562500003 0.4233974359375 0.34326923125 0.3948717953125 0.34831730781250003 0.327564103125 0.34326923125 0.297435896875 0.3360576921875 0.2929487171875 0.34014423125 0.2871794875 0.34735576875 0.28557692343749996 0.35625 0.2894230765625 0.36201923125 0.3083333328125 0.3668269234375 0.3458333328125 0.3762019234375 0.3826923078125 0.3889423078125 0.39391025625 0.4012019234375 0.458653846875 0.41754807656250004 0.5602564109375 0.4396634609375 0.5769230765625 0.43798076874999997 0.584935896875 0.4322115390625 0.5942307687499999 0.40985576874999996 0.603846153125 0.38798076875 0.5887820515625 0.3769230765625
0 0.6134615390625 0.5221153843749999 0.646153846875 0.521634615625 0.7179487171875001 0.53125 0.7201923078125 0.5360576921875 0.74391025625 0.5418269234374999 0.749358975 0.5403846156250001 0.7602564109375 0.5271634609375 0.7602564109375 0.5177884609375 0.7375 0.50889423125 0.7301282046875001 0.50889423125 0.665705128125 0.4790865390625 0.6451923078124999 0.4605769234375 0.6355769234374999 0.4576923078125 0.4926282046875 0.4137019234375 0.4727564109375 0.41298076874999995 0.4621794875 0.41875 0.44102564062500005 0.45793269218750005 0.447115384375 0.47043269218750006 0.525641025 0.494471153125 0.6134615390625 0.5221153843749999
0 0.6352564109375 0.578365384375 0.653846153125 0.591346153125 0.678205128125 0.6170673078125 0.6884615390625 0.6389423078124999 0.699358975 0.65625 0.7391025640625 0.684615384375 0.7753205125 0.71201923125 0.8262820515625 0.747596153125 0.8371794875 0.75673076875 0.8551282046875001 0.7639423078124999 0.8641025640625 0.756009615625 0.8727564109375001 0.7576923078125 0.8884615390624999 0.746875 0.8862179484375 0.7387019234375 0.8919871796875001 0.7384615390625 0.902564103125 0.7324519234375 0.908974359375 0.7269230765625 0.909294871875 0.7170673078124999 0.903525640625 0.7072115390625 0.8294871796875001 0.650240384375 0.8016025640625 0.6307692312500001 0.7695512828125 0.6076923078124999 0.753525640625 0.5990384609375 0.7352564109374999 0.596875 0.6641025640625 0.5615384609375 0.659935896875 0.5581730765625 0.6612179484375 0.5545673078125 0.640705128125 0.543028846875 0.628846153125 0.550721153125 0.61891025625 0.5579326921875001 0.6272435890625 0.5697115390625 0.6352564109375 0.578365384375
0 0.541346153125 0.5673076921875 0.5477564109374999 0.5670673078124999 0.5474358968749999 0.5723557687499999 0.5522435890625 0.5942307687499999 0.558974359375 0.6262019234375 0.5519230765625001 0.643990384375 0.5560897437500001 0.6581730765625 0.5753205125 0.700721153125 0.6003205125 0.7545673078124999 0.609294871875 0.7793269234375 0.6112179484375 0.7855769234375 0.625641025 0.8014423078125 0.6371794875 0.806009615625 0.6455128203125 0.8021634609375001 0.659294871875 0.803125 0.6705128203124999 0.796875 0.6788461531250001 0.793990384375 0.691346153125 0.7951923078124999 0.703525640625 0.7896634609375 0.709935896875 0.7800480765625 0.7073717953124999 0.7639423078124999 0.69423076875 0.7401442312500001 0.6727564109374999 0.69110576875 0.6487179484375 0.6423076921875001 0.64391025625 0.630528846875 0.6330128203125 0.62139423125 0.621474359375 0.6139423078124999 0.6102564109374999 0.6048076921875001 0.5791666671875 0.5615384609375 0.5759615390625 0.5579326921875001 0.5775641031250001 0.5550480765625 0.5657051281250001 0.537259615625 0.5509615390625 0.5389423078125 0.5352564109375 0.5449519234375 0.5391025640625 0.5579326921875001 0.541346153125 0.5673076921875
0 0.477884615625 0.5076923078125 0.474358975 0.5175480765625 0.458653846875 0.5396634609375 0.44775641093749996 0.5543269234375 0.428205128125 0.56610576875 0.41891025624999995 0.5802884609375 0.3980769234375 0.628846153125 0.3746794875 0.681971153125 0.3634615390625 0.703125 0.3621794875 0.7165865390625 0.3701923078125 0.7240384609375 0.383974359375 0.7274038468749999 0.390064103125 0.724759615625 0.409615384375 0.7290865390625 0.41698717968750004 0.731490384375 0.4301282046875 0.7384615390625 0.447115384375 0.7365384609375 0.458653846875 0.724759615625 0.47179487187499997 0.69423076875 0.4891025640625 0.6490384609375 0.5086538468749999 0.5990384609375 0.509615384375 0.581490384375 0.503525640625 0.5677884609375 0.5086538468749999 0.525 0.5125 0.5139423078124999 0.5144230765625 0.5108173078125 0.5147435890625001 0.49230769218750003 0.49102564062500004 0.48822115312500003 0.483974359375 0.496634615625 0.4769230765625 0.502884615625 0.477884615625 0.5076923078125
0 0.3641025640625 0.171875 0.3621794875 0.18076923125 0.340064103125 0.20432692343749997 0.3371794875 0.21298076875 0.33173076875 0.21778846093749998 0.3102564109375 0.2456730765625 0.2871794875 0.27019230781250003 0.28141025625 0.2862980765625 0.28141025625 0.29254807656250004 0.2958333328125 0.2983173078125 0.3137820515625 0.2918269234375 0.3134615390625 0.3019230765625 0.30256410312500004 0.309134615625 0.2951923078125 0.3293269234375 0.3125 0.334375 0.333653846875 0.33942307656250004 0.3477564109375 0.34375 0.3673076921875 0.3389423078125 0.38141025625 0.3512019234375 0.3948717953125 0.3625 0.4269230765625 0.3615384609375 0.4490384609375 0.34423076875 0.4615384609375 0.33509615312499996 0.5054487171875001 0.2795673078125 0.511858975 0.2668269234375 0.527564103125 0.25985576875 0.5339743593749999 0.26129807656250004 0.54326923125 0.25625 0.5458333328125 0.24375 0.51858974375 0.21081730781250002 0.500641025 0.1853365390625 0.47948717968750004 0.174759615625 0.46570512812500003 0.1730769234375 0.45608974375000005 0.169471153125 0.45 0.1574519234375 0.447115384375 0.1456730765625 0.427884615625 0.1425480765625 0.416346153125 0.1447115390625 0.3983974359375 0.14375 0.3641025640625 0.171875