0 0.622 0.06225000000000001 0.658 0.0705 0.667 0.0625 0.6466666671875 0.04675 0.628 0.0375 0.5586666671875 0.0675 0.5666666671875 0.08275 0.599 0.06975 0.622 0.06225000000000001
0 0.6173333328124999 0.1325 0.6013333328125 0.11674999999999999 0.5913333328125 0.12050000000000001 0.604 0.1375 0.6173333328124999 0.1325
0 0.6373333328124999 0.16975 0.6056666671875 0.17099999999999999 0.607 0.1805 0.6403333328125 0.174 0.6373333328124999 0.16975
0 0.4313333328125 0.11975 0.41733333281249996 0.134 0.4273333328125 0.13799999999999998 0.4386666671875 0.12250000000000001 0.4313333328125 0.11975
0 0.7936666671875 0.03375 0.7903333328125 0.028499999999999998 0.763 0.03375 0.765 0.0365 0.769 0.0385 0.7936666671875 0.03375
0 0.7786666671875 0.034 0.769 0.04575 0.7756666671875 0.051000000000000004 0.7863333328125 0.0375 0.7786666671875 0.034
0 0.8573333328125001 0.13825 0.8713333328124999 0.142 0.8746666671875 0.15225 0.8813333328124999 0.153 0.8853333328125 0.13625 0.86 0.1275 0.8556666671875 0.1335 0.8326666671874999 0.122 0.8266666671875 0.1315 0.8486666671875 0.143 0.8573333328125001 0.13825
0 0.7933333328125001 0.2225 0.7716666671875 0.21150000000000002 0.7653333328125 0.21925 0.7853333328125001 0.22825 0.7933333328125001 0.2225
0 0.922 0.29725 0.8346666671875 0.3135 0.8526666671875001 0.35325 0.945 0.33225 0.922 0.29725
0 0.9113333328125 0.49424999999999997 0.9126666671875 0.47050000000000003 0.93 0.45025000000000004 0.9223333328125 0.44325000000000003 0.905 0.4605 0.891 0.46925 0.891 0.49775 0.9113333328125 0.49424999999999997
0 0.8546666671875001 0.52625 0.8566666671875 0.53 0.866 0.553 0.877 0.5515 0.8743333328125 0.526 0.8546666671875001 0.52625
0 0.8186666671875 0.5742499999999999 0.8276666671875 0.5925 0.841 0.5902499999999999 0.8353333328125 0.57325 0.8186666671875 0.5742499999999999
0 0.89 0.5955 0.9019999999999999 0.604 0.9259999999999999 0.613 0.9413333328125001 0.6094999999999999 0.9633333328125 0.602 0.978 0.5934999999999999 0.9793333328125 0.5805 0.9720000000000001 0.56025 0.9586666671874999 0.54625 0.9369999999999999 0.54025 0.9236666671875 0.541 0.897 0.5665 0.8966666671875 0.5690000000000001 0.8956666671875 0.5822499999999999 0.89 0.5955
0 0.3716666671875 0.45149999999999996 0.3943333328125 0.47125000000000006 0.3986666671875 0.46449999999999997 0.3783333328125 0.44825 0.3716666671875 0.45149999999999996
0 0.3613333328125 0.46725000000000005 0.344 0.49050000000000005 0.3503333328125 0.49850000000000005 0.374 0.46825 0.3613333328125 0.46725000000000005
0 0.3453333328125 0.587 0.3633333328125 0.585 0.38366666718750003 0.5805 0.40533333281250006 0.56525 0.4266666671875 0.5535 0.45066666718750004 0.5395 0.47466666718750006 0.532 0.4863333328125 0.52625 0.4796666671875 0.5105000000000001 0.46666666718750005 0.49450000000000005 0.45199999999999996 0.4875 0.43533333281250003 0.4915 0.40599999999999997 0.5105000000000001 0.386 0.52325 0.3623333328125 0.53125 0.33599999999999997 0.545 0.32 0.56125 0.3 0.5685 0.3036666671875 0.5805 0.32766666718750004 0.5980000000000001 0.3453333328125 0.587
0 0.1223333328125 0.6207499999999999 0.13233333281249998 0.644 0.1523333328125 0.6407499999999999 0.1403333328125 0.6155 0.1223333328125 0.6207499999999999
0 0.126 0.57725 0.1523333328125 0.59075 0.1603333328125 0.5822499999999999 0.13133333281249998 0.57075 0.126 0.57725