0 0.34037990156250003 0.0955882359375 0.39368872499999996 0.0563725484375 0.3921568625 0.044526143750000004 0.37898284375 0.0216503265625 0.32261029375 0.057598039062499995 0.31924019531250003 0.071895425 0.312806371875 0.0751633984375 0.3186274515625 0.0943627453125 0.326899509375 0.0931372546875 0.34037990156250003 0.0955882359375
0 0.31954656875 0.0735294125 0.3118872546875 0.0747549015625 0.3118872546875 0.0829248359375 0.316789215625 0.09109477187500001 0.3232230390625 0.09068627500000001 0.31954656875 0.0735294125
0 0.2864583328125 0.09150326875 0.287071078125 0.09763071875 0.301164215625 0.0923202609375 0.30024509843749997 0.0857843140625 0.2864583328125 0.09150326875
0 0.6495098046875001 0.196486928125 0.6623774515624999 0.187908496875 0.6822916671875 0.1646241828125 0.6985294125 0.16584967343749998 0.7006740203125 0.0735294125 0.6657475484375001 0.045751634375 0.6813725484375001 0.0065359484374999995 0.640625 0.0057189546875 0.6182598046875001 0.02736928125 0.589460784375 0.042075164062499996 0.594056371875 0.0563725484375 0.5796568625 0.07638888906249999 0.6044730390625 0.135620915625 0.622242646875 0.1928104578125 0.6495098046875001 0.196486928125
0 0.9626225484375001 0.382352940625 0.9096200984375 0.3451797390625 0.8670343140625001 0.3766339875 0.8599877453125 0.38357843125 0.9148284312499999 0.43300653593750005 0.9626225484375001 0.382352940625
0 0.9396446078125 0.7107843140625 0.8688725484375001 0.6764705875 0.7889093140625 0.7116013078125001 0.78676470625 0.715277778125 0.8655024515624999 0.7892156859375 0.9396446078125 0.7107843140625
0 0.9307598046875001 0.7177287578125 0.879289215625 0.7745098046875001 0.8786764703125 0.7908496734375 0.890931371875 0.8235294124999999 0.9197303921875 0.840686275 0.9466911765624999 0.8206699343749999 0.9445465687500001 0.7544934640625 0.9307598046875001 0.7177287578125
0 0.2098651953125 0.6662581703125 0.21507352968750001 0.687908496875 0.2251838234375 0.6830065359375 0.2193627453125 0.660539215625 0.2098651953125 0.6662581703125
0 0.9626225484375001 0.7638888890625 0.7506127453125 0.7969771234375 0.8501838234375001 0.9967320265625 0.9935661765624999 0.9914215687500001 0.9929534312499999 0.8419117640625 0.9626225484375001 0.7638888890625
0 0.587928921875 0.698120915625 0.6041666671875 0.6609477125 0.566789215625 0.6021241828125 0.5162377453125 0.6209150328125 0.5147058828125 0.6405228765625 0.5477941171875 0.697303921875 0.587928921875 0.698120915625
0 0.5134803921875 0.5 0.49142156875 0.5114379078125 0.5147058828125 0.5490196078125 0.537071078125 0.5375816999999999 0.5134803921875 0.5