0 0.0675287359375 0.2525510203125 0.087643678125 0.21173469374999998 0.058908045312500004 0.216836734375 0.0675287359375 0.2525510203125
0 0.1422413796875 0.22704081562499998 0.11206896562499999 0.283163265625 0.165229884375 0.2806122453125 0.163793103125 0.24489795937499997 0.1422413796875 0.22704081562499998
0 0.1709770109375 0.255102040625 0.21551724062500002 0.26020408125 0.1810344828125 0.22448979531250002 0.1709770109375 0.255102040625
0 0.2068965515625 0.20918367343750002 0.21695402343749998 0.23724489843750002 0.25143678125 0.234693878125 0.23706896562500002 0.20918367343750002 0.2068965515625 0.20918367343750002
0 0.011494253125 0.27806122499999997 0.050287356250000005 0.30612244843749997 0.090517240625 0.2959183671875 0.07902298906250001 0.2755102046875 0.011494253125 0.27806122499999997
0 0.2715517234375 0.283163265625 0.260057471875 0.3137755109375 0.298850575 0.3290816328125 0.313218390625 0.2806122453125 0.2715517234375 0.283163265625
0 0.0028735625000000002 0.3545918375 0.0028735625000000002 0.43112244843749997 0.0416666671875 0.41071428593750003 0.028735632812500002 0.36479591875 0.0028735625000000002 0.3545918375
0 0.1307471265625 0.369897959375 0.110632184375 0.408163265625 0.185344828125 0.466836734375 0.1939655171875 0.42346938749999996 0.1307471265625 0.369897959375
0 0.2543103453125 0.3775510203125 0.19971264375 0.3954081625 0.21264367812499999 0.4744897953125 0.27729885 0.43112244843749997 0.2543103453125 0.41326530625 0.2543103453125 0.3775510203125
0 0.285919540625 0.4158163265625 0.21695402343749998 0.48214285781250005 0.31465517187500003 0.4795918375 0.3175287359375 0.41326530625 0.285919540625 0.4158163265625
0 0.9410919546875001 0.625 0.9928160921875 0.5484693875 0.923850575 0.55867346875 0.9410919546875001 0.625
0 0.9267241374999999 0.34693877500000003 0.8160919546875001 0.38265306093749996 0.761494253125 0.32142857187499996 0.70258620625 0.33928571406249997 0.7183908046874999 0.41836734687500005 0.784482759375 0.45663265312499995 0.9482758625000001 0.42346938749999996 0.9267241374999999 0.34693877500000003
0 0.7571839078125 0.5 0.7571839078125 0.5357142859375 0.862068965625 0.5204081625 0.8591954015625 0.48979591874999995 0.7571839078125 0.5
0 0.1307471265625 0.7346938781250001 0.10057471250000001 0.7857142859375 0.1824712640625 0.778061225 0.185344828125 0.727040815625 0.1307471265625 0.7346938781250001
0 0.3232758625 0.397959184375 0.31465517187500003 0.45408163281249997 0.3462643671875 0.4693877546875 0.3721264375 0.42346938749999996 0.3232758625 0.397959184375
0 0.4554597703125 0.41836734687500005 0.4554597703125 0.46428571406249997 0.5747126437500001 0.44132653125 0.5560344828125 0.38520408125 0.4554597703125 0.41836734687500005
0 0.3505747125 0.51020408125 0.3936781609375 0.5 0.3951149421875 0.3928571421875 0.3548850578125 0.45408163281249997 0.3505747125 0.51020408125
0 0.4339080453125 0.3775510203125 0.375 0.359693878125 0.40086206874999997 0.4362244890625 0.4339080453125 0.3775510203125
0 0.46408045937500003 0.390306121875 0.435344828125 0.38265306093749996 0.41091954062499997 0.44132653125 0.42672413750000004 0.42602040781249995 0.44971264375000003 0.4693877546875 0.46408045937500003 0.390306121875
0 0.5790229890624999 0.369897959375 0.5818965515625 0.46173469375 0.64798850625 0.42091836718750003 0.636494253125 0.352040815625 0.5790229890624999 0.369897959375
0 0.2428160921875 0.48214285781250005 0.2428160921875 0.5178571421875 0.20833333281250002 0.5484693875 0.2571839078125 0.5535714281249999 0.2586206890625 0.5178571421875 0.29741379375 0.528061225 0.2428160921875 0.48214285781250005
0 0.090517240625 0.55867346875 0.113505746875 0.533163265625 0.0933908046875 0.5025510203125 0.0689655171875 0.528061225 0.090517240625 0.55867346875
0 0.6609195406249999 0.7704081625 0.6336206890625 0.6989795921875 0.49856321875000004 0.778061225 0.461206896875 0.783163265625 0.4425287359375 0.8290816328125 0.40086206874999997 0.8775510203125 0.4166666671875 0.918367346875 0.45402298906249994 0.8979591843750001 0.5158045984374999 0.8775510203125 0.6609195406249999 0.7704081625
0 0.739942528125 0.880102040625 0.8821839078125 0.9234693875 0.95258620625 0.71173469375 0.8505747124999999 0.727040815625 0.739942528125 0.880102040625
0 0.75 0.6096938781250001 0.548850575 0.6505102046875 0.5531609203125 0.68367346875 0.59770115 0.7142857140625 0.7298850578125 0.6862244890625 0.75 0.6096938781250001
0 0.2672413796875 0.721938775 0.2816091953125 0.7806122453125 0.3175287359375 0.7704081625 0.313218390625 0.6938775515625 0.2672413796875 0.721938775
0 0.52586206875 0.48214285781250005 0.3462643671875 0.5153061218749999 0.3505747125 0.6275510203125 0.409482759375 0.602040815625 0.52586206875 0.5637755109375 0.52586206875 0.48214285781250005
0 0.7571839078125 0.4923469390625 0.75143678125 0.44387755156250003 0.7212643671875 0.42602040781249995 0.6465517234375 0.48979591874999995 0.636494253125 0.533163265625 0.659482759375 0.596938775 0.688218390625 0.55867346875 0.7571839078125 0.4923469390625
0 0.538793103125 0.7576530609375001 0.5560344828125 0.68367346875 0.534482759375 0.625 0.3232758625 0.66326530625 0.31465517187500003 0.71173469375 0.33045977031249996 0.8035714281249999 0.360632184375 0.8010204078125 0.538793103125 0.7576530609375001
0 0.3807471265625 0.6454081625 0.590517240625 0.625 0.5933908046874999 0.5688775515625 0.409482759375 0.6045918375 0.3706896546875 0.625 0.3807471265625 0.6454081625
0 0.3089080453125 0.6454081625 0.34482758593749996 0.6326530609375001 0.2744252875 0.53826530625 0.260057471875 0.5535714281249999 0.2744252875 0.5841836734375 0.20833333281250002 0.55867346875 0.21264367812499999 0.6173469390624999 0.1968390796875 0.6607142859375 0.2816091953125 0.6989795921875 0.3089080453125 0.6454081625
0 0.635057471875 0.783163265625 0.4568965515625 0.9056122453125001 0.512931034375 0.9770408156249999 0.6005747125 0.9362244890625 0.6321839078125 0.875 0.635057471875 0.783163265625
0 0.0028735625000000002 0.7321428578125 0.08333333281250001 0.8061224484375 0.10057471250000001 0.7142857140625 0.0028735625000000002 0.7321428578125