0 0.1965 0.6613333328125 0.183 0.6733333328125 0.1855 0.6763333328125001 0.1955 0.6673333328125 0.1965 0.6613333328125
0 0.16975 0.8163333328125001 0.1855 0.82 0.18775 0.8136666671875 0.1835 0.805 0.18025 0.8006666671874999 0.1765 0.8003333328125001 0.1715 0.7906666671875 0.16625 0.786 0.1605 0.7926666671875 0.1565 0.8039999999999999 0.15925 0.805 0.16975 0.8163333328125001
0 0.3325 0.766 0.3355 0.7676666671875 0.335 0.772 0.344 0.7986666671875 0.34700000000000003 0.8003333328125001 0.351 0.7986666671875 0.35350000000000004 0.7926666671875 0.3445 0.7616666671875 0.344 0.7556666671875 0.33799999999999997 0.7423333328124999 0.33199999999999996 0.7463333328124999 0.331 0.7543333328124999 0.3325 0.766
0 0.3035 0.744 0.30274999999999996 0.7406666671875 0.30025 0.74 0.29375 0.7526666671875 0.2935 0.7566666671875 0.29674999999999996 0.7576666671875001 0.3035 0.744
0 0.2065 0.826 0.20600000000000002 0.8220000000000001 0.20299999999999999 0.8220000000000001 0.20249999999999999 0.8263333328125 0.2045 0.833 0.20750000000000002 0.8313333328124999 0.2065 0.826
0 0.23825 0.8563333328124999 0.242 0.8603333328125 0.24674999999999997 0.86 0.25 0.8566666671875 0.2455 0.8516666671875001 0.2475 0.8456666671875 0.242 0.8456666671875 0.2415 0.842 0.23775 0.8436666671875 0.2395 0.85 0.23775 0.8526666671875001 0.23825 0.8563333328124999
0 0.26349999999999996 0.9563333328124999 0.2605 0.9546666671875 0.261 0.9583333328125001 0.26349999999999996 0.9603333328125 0.26349999999999996 0.9563333328124999
0 0.20074999999999998 0.9486666671874999 0.205 0.9333333328125001 0.21425 0.9269999999999999 0.2145 0.9173333328125001 0.2105 0.916 0.19275 0.923 0.185 0.942 0.18925 0.9496666671874999 0.20074999999999998 0.9486666671874999
0 0.6075 0.21200000000000002 0.6134999999999999 0.20400000000000001 0.6165 0.19766666718749998 0.616 0.1906666671875 0.609 0.189 0.602 0.1953333328125 0.6 0.20099999999999998 0.6035 0.2026666671875 0.6035 0.20800000000000002 0.6075 0.21200000000000002
0 0.5349999999999999 0.528 0.53025 0.5306666671875 0.5275000000000001 0.5313333328125001 0.5295 0.5393333328125001 0.53525 0.5366666671875 0.5349999999999999 0.528
0 0.621 0.519 0.616 0.513 0.612 0.5176666671875 0.612 0.526 0.6144999999999999 0.5283333328125 0.621 0.519
0 0.502 0.644 0.5042500000000001 0.6483333328125 0.5095 0.6493333328124999 0.5105000000000001 0.6453333328124999 0.5077499999999999 0.6406666671875 0.5045 0.642 0.50325 0.639 0.49974999999999997 0.6373333328124999 0.496 0.6353333328125 0.49450000000000005 0.6383333328125 0.49424999999999997 0.6436666671875 0.4995 0.645 0.502 0.644