0 0.180370721875 0.7301520265625 0.17347908750000002 0.7179054046875 0.1570817484375 0.6765202703125001 0.1454372625 0.662584459375 0.1233365015625 0.6385135140625 0.11549429687499999 0.62795608125 0.106463878125 0.6207770265625 0.09434410625 0.6152871625 0.0748574140625 0.5857263515625 0.0660646390625 0.594172296875 0.038973384374999996 0.6347128375 0.025665399999999998 0.6545608109375001 0.0201996203125 0.6676520265625 0.0175855515625 0.6807432437500001 0.019486692187499998 0.6841216218749999 0.0030893531250000003 0.743665540625 0.0009505703125 0.7884290546875 0.0163973390625 0.7896959453125 0.059173003125 0.87204391875 0.0853136875 0.890202703125 0.10052281406250001 0.9201858109375 0.128089353125 0.8733108109375 0.148526615625 0.8357263515625 0.1661121671875 0.7804054046875 0.180370721875 0.7301520265625
0 0.5256654000000001 0.34670608125 0.5323193921875 0.33994932499999997 0.5384980984375 0.3234797296875 0.5387357421875001 0.3015202703125 0.5344581749999999 0.280827703125 0.527566540625 0.26900337812499997 0.5128326999999999 0.2698479734375 0.5099809890625 0.2766047296875 0.4997623578125 0.2892736484375 0.4805133078125 0.303209459375 0.4767110265625 0.3053209453125 0.47314638750000004 0.315033784375 0.47576045625 0.34037162187500003 0.4800380234375 0.3534628375 0.489306084375 0.361908784375 0.496673003125 0.36233108125 0.4995247140625 0.3521959453125 0.506891634375 0.3424831078125 0.5256654000000001 0.34670608125
0 0.5047528515625 0.2791385140625 0.5076045625 0.27787162187500003 0.468631178125 0.199324325 0.47100760468749997 0.2077702703125 0.47576045625 0.2208614859375 0.5047528515625 0.2791385140625
0 0.39306083593749996 0.23141891874999998 0.389733840625 0.206925675 0.383792775 0.20945945937500002 0.3745247140625 0.20228040468750003 0.3747623578125 0.25168918906250004 0.38355513281250003 0.2609797296875 0.394724334375 0.256334459375 0.39306083593749996 0.23141891874999998
0 0.29491444843750003 0.191300675 0.292775665625 0.1824324328125 0.2923003796875 0.168496621875 0.29348859374999997 0.1520270265625 0.29348859374999997 0.1452702703125 0.299192015625 0.1233108109375 0.3013307984375 0.11824324374999999 0.301806084375 0.11148648593749999 0.300380228125 0.1017736484375 0.3032319390625 0.09248310781249999 0.3001425859375 0.0827702703125 0.290874525 0.0641891890625 0.287547528125 0.054898648437499996 0.28065589375 0.0291385140625 0.2725760453125 0.014358107812500001 0.265922053125 0.0059121625 0.26021863125 0.0270270265625 0.2566539921875 0.052364865625 0.255703421875 0.087415540625 0.254515209375 0.106841215625 0.2599809890625 0.128378378125 0.26354562812500004 0.14949324375 0.258792775 0.156672296875 0.253326996875 0.1668074328125 0.25356463906250004 0.17863175625 0.2578422046875 0.1866554046875 0.26663498125 0.19045608125 0.2816064640625 0.19721283750000002 0.29491444843750003 0.199746621875 0.29491444843750003 0.191300675
0 0.2055608359375 0.04391891875 0.2003327 0.059121621874999995 0.20698669218750002 0.1102195953125 0.212452471875 0.113175675 0.23075095 0.11993243281249999 0.249287071875 0.13471283750000002 0.25712927812499997 0.15625 0.26283270000000003 0.1520270265625 0.2616444859375 0.1359797296875 0.25499049375 0.109375 0.2547528515625 0.096283784375 0.2559410640625 0.065878378125 0.254515209375 0.059966215625 0.2388307984375 0.0304054046875 0.22813688281250002 0.0050675671875 0.2183935359375 0.0025337843749999997 0.2138783265625 0.014780404687500002 0.2055608359375 0.04391891875
0 0.809173003125 0.484375 0.80109315625 0.47466216250000004 0.7996673000000001 0.4801520265625 0.795152090625 0.49704391875000004 0.7880228140625001 0.5198479734375 0.790161596875 0.52829391875 0.8029942968749999 0.5396959453125 0.8096482890625 0.546875 0.82390684375 0.513091215625 0.8281844109375 0.4983108109375 0.82390684375 0.49028716250000004 0.809173003125 0.484375
0 0.8343631171875 0.6448479734375 0.85575095 0.6630067562499999 0.859077946875 0.6642736484375 0.8633555140625001 0.65920608125 0.8709600765625 0.65329391875 0.873098859375 0.6393581078125 0.874287071875 0.6262668921875 0.8452946765625 0.5798141890624999 0.843868821875 0.5739020265625 0.8338878328125 0.568834459375 0.8243821296875 0.5772804046875 0.8170152093749999 0.5878378375 0.813212928125 0.6051520265625 0.8122623578124999 0.6165540546875 0.8198669203125 0.6292229734375 0.8343631171875 0.6448479734375
0 0.8826045625000001 0.519425675 0.8792775671875 0.5033783781250001 0.8780893531249999 0.4915540546875 0.8802281375 0.48395270312500005 0.8778517109375 0.47550675625 0.8738117875 0.474239865625 0.8697718625 0.475084459375 0.862880228125 0.4793074328125 0.8555133078124999 0.497466215625 0.8543250953125 0.5067567562499999 0.8528992390625 0.5232263515625 0.856463878125 0.5401182437500001 0.8662072249999999 0.5371621625 0.8747623578124999 0.5329391890624999 0.8847433453125 0.5320945953125 0.8826045625000001 0.519425675
0 0.7706749046875 0.0772804046875 0.7759030421875 0.0705236484375 0.7751901140624999 0.061655404687500005 0.7663973390625001 0.0481418921875 0.7521387828125 0.0299831078125 0.7426330796875 0.0451858109375 0.751901140625 0.06967905468749999 0.7625950578125 0.07770270312500001 0.7706749046875 0.0772804046875
0 0.801806084375 0.11064189218750001 0.8027566546875 0.090371621875 0.7884980984375 0.08108108124999999 0.7837452468749999 0.07516891875000001 0.7778041828125 0.0730574328125 0.7652091249999999 0.080658784375 0.760693915625 0.09375 0.7661596953124999 0.105996621875 0.7675855515625 0.11824324374999999 0.7728136875 0.1321790546875 0.7804182515625 0.1292229734375 0.791349809375 0.119510134375 0.801806084375 0.11064189218750001
0 0.7625950578125 0.09670608124999999 0.7654467687500001 0.1013513515625 0.774952471875 0.0983952703125 0.7625950578125 0.09670608124999999
0 0.7984790875 0.41807432499999997 0.7999049421875 0.41216216250000004 0.801806084375 0.39442567500000003 0.800380228125 0.3885135140625 0.7808935359375 0.38766891875 0.7628326999999999 0.393158784375 0.7637832703125 0.40836148593750005 0.772338403125 0.4168074328125 0.7763783265625 0.418496621875 0.7887357421875001 0.4206081078125 0.7984790875 0.41807432499999997
0 0.8659695812500001 0.5236486484375 0.8754752859374999 0.558699325 0.8792775671875 0.566300675 0.8902091249999999 0.562077703125 0.896150190625 0.5527871625 0.8899714828124999 0.5143581078125 0.8854562734375 0.497466215625 0.8795152093749999 0.4957770265625 0.874287071875 0.497466215625 0.8645437265625 0.5059121625 0.8659695812500001 0.5236486484375
0 0.9786121671875 0.5363175671875 0.9762357421875001 0.5278716218749999 0.9733840296875 0.5198479734375 0.9683935359375001 0.5067567562499999 0.9631654 0.50295608125 0.9607889734375 0.5084459453125 0.9676806078125001 0.5278716218749999 0.9729087453125 0.541385134375 0.9762357421875001 0.543074325 0.9786121671875 0.5363175671875
0 0.6801330796875 0.4049831078125 0.6813212921875 0.3885135140625 0.67609315625 0.3800675671875 0.6606463875 0.36106418906250004 0.657557034375 0.3707770265625 0.6532794671875 0.3864020265625 0.649952471875 0.4049831078125 0.6749049421875 0.4324324328125 0.676806084375 0.421875 0.6801330796875 0.4049831078125