0 0.2186666671875 0.36775 0.22833333281249998 0.36825 0.23933333281250002 0.35525 0.236 0.34925 0.231 0.34925 0.2146666671875 0.35125 0.21033333281250002 0.35625 0.2093333328125 0.36150000000000004 0.2186666671875 0.36775
0 0.5733333328125 0.33799999999999997 0.525 0.31074999999999997 0.5133333328125 0.32075 0.5589999999999999 0.34725 0.5733333328125 0.33799999999999997
0 0.4726666671875 0.32975 0.4603333328125 0.33799999999999997 0.47766666718749995 0.34500000000000003 0.49000000000000005 0.33799999999999997 0.4726666671875 0.32975
0 0.5936666671874999 0.4205 0.576 0.41950000000000004 0.5736666671874999 0.42699999999999994 0.591 0.42925 0.5936666671874999 0.4205
0 0.6276666671875 0.47050000000000003 0.6323333328125 0.46900000000000003 0.6296666671875 0.46275000000000005 0.6213333328124999 0.465 0.591 0.461 0.5903333328125 0.47800000000000004 0.6253333328124999 0.4845 0.6283333328125 0.48200000000000004 0.6276666671875 0.476 0.6276666671875 0.47050000000000003
0 0.6016666671875 0.57525 0.596 0.5745 0.5913333328125 0.58425 0.5976666671875 0.588 0.6016666671875 0.57525
0 0.6653333328125 0.6 0.6806666671875 0.6054999999999999 0.7016666671875 0.60675 0.7056666671875 0.60375 0.7036666671875 0.588 0.686 0.5505 0.658 0.5465 0.6486666671875 0.5549999999999999 0.6046666671875001 0.5627500000000001 0.6273333328125 0.5885 0.6483333328125 0.6025 0.6653333328125 0.6
0 0.7403333328125 0.6675 0.755 0.69475 0.7606666671875 0.6980000000000001 0.7723333328125 0.6980000000000001 0.7766666671875 0.6940000000000001 0.786 0.66625 0.772 0.61975 0.7443333328125 0.61875 0.734 0.6214999999999999 0.7296666671875001 0.6275000000000001 0.7326666671875001 0.64 0.7403333328125 0.6675
0 0.765 0.9045 0.7806666671875 0.88325 0.747 0.8710000000000001 0.7353333328125 0.8875 0.765 0.9045
0 0.6403333328125 0.8855000000000001 0.635 0.885 0.626 0.89025 0.6296666671875 0.89975 0.6386666671875 0.898 0.6486666671875 0.9037499999999999 0.6553333328125001 0.9005000000000001 0.6546666671875 0.907 0.6616666671875 0.9155 0.6683333328125001 0.9199999999999999 0.6849999999999999 0.9189999999999999 0.6933333328125 0.9087500000000001 0.6923333328125 0.898 0.6866666671874999 0.89125 0.674 0.88575 0.6623333328125 0.8895 0.653 0.89375 0.644 0.8867499999999999 0.6403333328125 0.8855000000000001
0 0.631 0.901 0.6173333328124999 0.9055 0.6103333328125 0.914 0.6086666671875001 0.91975 0.612 0.9265000000000001 0.6193333328125 0.932 0.6273333328125 0.9337500000000001 0.6393333328125 0.9195 0.6506666671875 0.9095000000000001 0.6413333328124999 0.90075 0.631 0.901
0 0.5416666671875 0.8445 0.5323333328125 0.8474999999999999 0.5413333328125 0.8612500000000001 0.5553333328125001 0.8720000000000001 0.567 0.8619999999999999 0.572 0.8644999999999999 0.5763333328125 0.86 0.5853333328125 0.8505 0.597 0.8414999999999999 0.609 0.8295 0.6116666671875 0.8195 0.6136666671875 0.79725 0.6026666671875 0.7785 0.562 0.7875 0.533 0.7845 0.5066666671875 0.79725 0.511 0.80975 0.5226666671875 0.8265 0.5416666671875 0.8445
0 0.3286666671875 0.34425 0.325 0.34199999999999997 0.32799999999999996 0.35375 0.3306666671875 0.35225 0.3286666671875 0.34425