0 0.5913333328125 0.98225 0.6126666671875001 0.9744999999999999 0.6083333328125 0.96775 0.5886666671875 0.97625 0.5913333328125 0.98225
0 0.54 0.96875 0.5513333328125001 0.953 0.5453333328125 0.951 0.5346666671875 0.9657500000000001 0.54 0.96875
0 0.6116666671875 0.9957499999999999 0.593 0.986 0.5883333328125 0.99025 0.6066666671875 0.99875 0.6116666671875 0.9957499999999999
0 0.25666666718750003 0.834 0.2686666671875 0.8230000000000001 0.2616666671875 0.82175 0.252 0.83125 0.25666666718750003 0.834
0 0.08966666718750001 0.8237500000000001 0.073 0.8210000000000001 0.0696666671875 0.825 0.0853333328125 0.82875 0.08966666718750001 0.8237500000000001
0 0.12 0.76675 0.11100000000000002 0.764 0.10166666718749999 0.765 0.10366666718749999 0.77025 0.1116666671875 0.77 0.12 0.76675
0 0.5186666671875 0.775 0.538 0.7737499999999999 0.5376666671875 0.7695000000000001 0.5183333328125 0.77025 0.5186666671875 0.775
0 0.42000000000000004 0.8 0.4193333328125 0.7849999999999999 0.41500000000000004 0.7845 0.41500000000000004 0.8002499999999999 0.42000000000000004 0.8
0 0.617 0.76425 0.599 0.765 0.6006666671875001 0.76925 0.617 0.76825 0.617 0.76425
0 0.773 0.8869999999999999 0.766 0.8782500000000001 0.7596666671875 0.8807499999999999 0.766 0.8885 0.773 0.8869999999999999
0 0.5616666671874999 0.9672499999999999 0.5646666671875 0.9477499999999999 0.558 0.94675 0.5533333328125 0.966 0.5616666671874999 0.9672499999999999