0 0.2397435890625 0.2139423078125 0.24679487187500002 0.21490384687500003 0.2570512828125 0.2137019234375 0.2852564109375 0.1978365390625 0.29102564062499997 0.18846153906250002 0.2852564109375 0.1790865390625 0.278846153125 0.17139423125 0.26858974375 0.1677884609375 0.2429487171875 0.17451923125 0.2301282046875 0.187259615625 0.22756410312500003 0.1927884609375 0.22371794843749998 0.2009615390625 0.23141025625 0.2074519234375 0.2397435890625 0.2139423078125
0 0.009615384375 0.25697115312499996 0.0115384609375 0.26298076875 0.015705128125000002 0.27139423125 0.057371795312499994 0.293028846875 0.0641025640625 0.294471153125 0.075641025 0.29326923125 0.08333333281250001 0.2862980765625 0.0858974359375 0.2737980765625 0.07756410312499999 0.266346153125 0.0375 0.247596153125 0.0240384609375 0.246875 0.016346153125 0.24975961562500001 0.009615384375 0.25697115312499996
0 0.034615384375 0.34831730781250003 0.0429487171875 0.3512019234375 0.047435896875 0.3574519234375 0.053846153125 0.363221153125 0.0737179484375 0.368509615625 0.11025641093750001 0.3790865390625 0.1198717953125 0.381490384375 0.13333333281249998 0.3822115390625 0.1397435890625 0.3834134609375 0.146794871875 0.387259615625 0.15192307656249998 0.3855769234375 0.15576923125 0.37956730781250003 0.159615384375 0.37211538437499997 0.15576923125 0.3625 0.1487179484375 0.356971153125 0.12371794843749999 0.353365384375 0.09743589687500001 0.34375 0.07435897500000001 0.3365384609375 0.0615384609375 0.33389423125 0.051923076562500003 0.33701923125 0.0397435890625 0.33485576875 0.031410256250000004 0.3384615390625 0.03076923125 0.34326923125 0.034615384375 0.34831730781250003
0 0.321474359375 0.5697115390625 0.321794871875 0.5764423078124999 0.3230769234375 0.5858173078125 0.328846153125 0.59639423125 0.3391025640625 0.6112980765625 0.600641025 0.591346153125 0.6205128203125 0.5872596156250001 0.6266025640625 0.568509615625 0.6253205125 0.5608173078124999 0.6266025640625 0.552884615625 0.6205128203125 0.552884615625 0.6169871796875 0.54326923125 0.6102564109374999 0.528125 0.6054487171875 0.5168269234375 0.6041666671875 0.509375 0.602564103125 0.49206730781249997 0.6016025640625 0.48509615312500004 0.603846153125 0.4709134609375 0.6003205125 0.458653846875 0.5987179484375 0.453125 0.5948717953125 0.446875 0.590705128125 0.4456730765625 0.5269230765625 0.45288461562500004 0.491346153125 0.453125 0.434935896875 0.45576923125 0.32820512812499997 0.460096153125 0.321794871875 0.49975961562500004 0.3205128203125 0.5204326921875 0.321474359375 0.5697115390625
0 0.47115384687499995 0.9418269234375 0.4512820515625 0.9427884609375001 0.43589743593749997 0.9449519234375 0.4365384609375 0.9995192312500001 0.4865384609375 0.9997596156249999 0.48333333281249996 0.9432692312500001 0.47115384687499995 0.9418269234375
0 0.35608974375 0.9235576921875 0.35961538437499996 0.9173076921875 0.346153846875 0.8978365390624999 0.33108974375 0.8855769234374999 0.3237179484375 0.8793269234375 0.3237179484375 0.8699519234374999 0.3016025640625 0.8471153843750001 0.2996794875 0.831971153125 0.2871794875 0.8185096156249999 0.2375 0.8079326921875 0.22756410312500003 0.80625 0.2112179484375 0.8074519234374999 0.18846153906250002 0.8079326921875 0.17980769218749998 0.8064903843750001 0.1753205125 0.8122596156249999 0.1394230765625 0.837259615625 0.136858975 0.8459134609375001 0.2573717953125 0.9769230765625 0.266346153125 0.9798076921875 0.283653846875 0.9709134609375001 0.35608974375 0.9235576921875
0 0.650641025 0.4112980765625 0.6570512828124999 0.4052884609375 0.6602564109375 0.39759615312499996 0.6480769234375 0.3581730765625 0.6371794875 0.3540865390625 0.624358975 0.35480769218749997 0.6147435890625 0.3576923078125 0.60576923125 0.36394230781250003 0.6179487171875 0.40144230781249995 0.624358975 0.40985576874999996 0.6320512828125 0.413221153125 0.650641025 0.4112980765625
0 0.4009615390625 0.3673076921875 0.40544871718750003 0.37211538437499997 0.411858975 0.37764423125 0.4647435890625 0.38605769218749997 0.4759615390625 0.3824519234375 0.478525640625 0.375721153125 0.48044871718750004 0.3699519234375 0.478525640625 0.36201923125 0.47307692343749996 0.356009615625 0.42435897499999997 0.346153846875 0.413141025 0.34735576875 0.4048076921875 0.35048076875 0.40320512812500003 0.358653846875 0.4009615390625 0.3673076921875
0 0.9551282046875 0.393990384375 0.9621794875 0.39927884687500004 0.9730769234375 0.4016826921875 0.9801282046875001 0.3978365390625 0.98076923125 0.3894230765625 0.9769230765625 0.38485576875 0.975641025 0.381009615625 0.9602564109375 0.3822115390625 0.9570512828125001 0.384615384375 0.9525641031250001 0.3891826921875 0.9551282046875 0.393990384375
0 0.7208333328125 0.22427884687500002 0.7262820515625 0.221875 0.7278846156250001 0.225240384375 0.722435896875 0.2293269234375 0.7179487171875001 0.23774038437499997 0.7185897437500001 0.243509615625 0.7349358968749999 0.240865384375 0.7323717953125 0.23798076875000002 0.733974359375 0.22692307656250002 0.7375 0.23052884687500003 0.7426282046875 0.2295673078125 0.7435897437500001 0.221875 0.7352564109374999 0.22163461562500003 0.7278846156250001 0.21850961562500001 0.7237179484375 0.2144230765625 0.7125 0.2072115390625 0.690064103125 0.20216346093749998 0.6842948718749999 0.210096153125 0.69358974375 0.21730769218749998 0.708974359375 0.2240384609375 0.7208333328125 0.22427884687500002
0 0.5705128203125 0.243028846875 0.566025640625 0.2365384609375 0.5576923078125 0.234375 0.55 0.23509615312499998 0.54423076875 0.2415865390625 0.55641025625 0.2449519234375 0.56858974375 0.247596153125 0.5705128203125 0.243028846875
0 0.30961538437499997 0.3197115390625 0.308653846875 0.32524038437499997 0.3166666671875 0.32524038437499997 0.3179487171875 0.321875 0.32083333281250004 0.3197115390625 0.3269230765625 0.3173076921875 0.33269230781250003 0.3144230765625 0.33397435937500003 0.30673076875 0.32820512812499997 0.30048076875 0.321474359375 0.30120192343749996 0.3179487171875 0.30384615312499996 0.3137820515625 0.30384615312499996 0.30673076875 0.311778846875 0.3070512828125 0.315865384375 0.30961538437499997 0.3197115390625
0 0.708974359375 0.0483173078125 0.7096153843749999 0.0456730765625 0.7166666671875 0.04326923125 0.7205128203125 0.05 0.728846153125 0.0581730765625 0.734615384375 0.056490384375 0.7416666671875001 0.053365384375000005 0.7551282046875001 0.050961539062500005 0.7628205125 0.057451923437499997 0.7641025640625 0.0487980765625 0.7634615390625 0.036778846875 0.7583333328124999 0.0334134609375 0.7134615390625 0.036778846875 0.7044871796875001 0.0391826921875 0.7025641031250001 0.0478365390625 0.70641025625 0.05048076875 0.708974359375 0.0483173078125
0 0.60673076875 0.1509615390625 0.6125 0.15721153906250002 0.622435896875 0.159134615625 0.6326923078125 0.1579326921875 0.641346153125 0.150240384375 0.6496794875 0.1228365390625 0.6487179484375 0.11730769218749999 0.6426282046875 0.1125 0.6320512828125 0.10865384687499999 0.6208333328125 0.1115384609375 0.6102564109374999 0.1331730765625 0.6076923078124999 0.1427884609375 0.60673076875 0.1509615390625