0 0.7109788359375 0.22743055625 0.712632275 0.1984126984375 0.7000661375 0.19444444375 0.610119046875 0.1639384921875 0.5644841265625 0.146329365625 0.5396825390625 0.1507936515625 0.528769840625 0.20808531718749998 0.6329365078125 0.22594246093749998 0.6987433859375 0.22544642812500001 0.7109788359375 0.22743055625
0 0.8042328046874999 0.2852182546875 0.8009259265625 0.2948908734375 0.8320105812499999 0.2929067453125 0.8257275125 0.23363095312499998 0.8164682546875 0.1760912703125 0.8058862437500001 0.1272321421875 0.7870370375 0.11681547656249999 0.764880953125 0.11755952343750001 0.7460317453124999 0.12475198437499999 0.746693121875 0.166170634375 0.7665343921875001 0.264880953125 0.8042328046874999 0.2852182546875
0 0.4540343921875 0.71924603125 0.540674603125 0.750248015625 0.5856481484375 0.72470238125 0.66865079375 0.615079365625 0.684523809375 0.6044146828125 0.69378306875 0.5890376984375 0.6679894187500001 0.5711805562500001 0.6544312171875 0.580605159375 0.6259920640625001 0.5984623015625 0.4742063484375 0.6825396828125 0.4540343921875 0.71924603125
0 0.7099867718749999 0.6158234125 0.721230159375 0.627976190625 0.735119046875 0.6294642859375 0.7394179890625 0.65674603125 0.750661375 0.6582341265625 0.7949735453125 0.656994046875 0.7893518515625 0.6185515875 0.8005952375 0.6014384921875 0.8019179890625001 0.58134920625 0.791335978125 0.5664682546875001 0.7734788359375 0.45114087343750003 0.68121693125 0.4613095234375 0.7007275125 0.577876984375 0.6987433859375 0.59970238125 0.702711640625 0.6111111109375 0.7099867718749999 0.6158234125
0 0.797288359375 0.5572916671875 0.811838625 0.559523809375 0.822089946875 0.530505953125 0.80026455 0.5292658734375 0.797288359375 0.5572916671875
0 0.49338624375 0.5520833328125 0.500661375 0.53174603125 0.40410052968750004 0.491071428125 0.3386243390625 0.47743055625 0.32076719531250003 0.5052083328125 0.30555555624999997 0.5766369046875 0.3108465609375 0.5798611109375 0.334656084375 0.5858134921875 0.353835978125 0.581597221875 0.48115079375 0.5860615078125 0.49338624375 0.5520833328125
0 0.671957671875 0.546626984375 0.6706349203124999 0.4300595234375 0.5234788359375 0.45634920625 0.58068783125 0.5587797625 0.671957671875 0.546626984375
0 0.528108465625 0.4675099203125 0.4867724875 0.4742063484375 0.49636243437500005 0.5689484125 0.58068783125 0.5607638890625 0.528108465625 0.4675099203125
0 0.3571428578125 0.340773809375 0.43154761875 0.40302579375 0.521164021875 0.44990079375 0.5539021156249999 0.42584325468750006 0.521494709375 0.3945932546875 0.415674603125 0.3008432546875 0.3571428578125 0.340773809375
0 0.76818783125 0.3834325390625 0.7982804234375 0.3960813484375 0.8458994703125 0.4206349203125 0.8382936515624999 0.34474206406249996 0.8171296296874999 0.3330853171875 0.7764550265625 0.33258928593750003 0.7602513234375 0.32366071406249997 0.7612433859375 0.3449900796875 0.76818783125 0.3834325390625
0 0.8895502640625 0.786954365625 0.8730158734375 0.7385912703125 0.7542989421875 0.721478175 0.6603835984375 0.7353670640625001 0.6603835984375 0.7604166671875 0.8105158734375 0.7822420640625001 0.8895502640625 0.786954365625
0 0.3164682546875 0.4476686515625 0.28108465625 0.43700396875 0.2794312171875 0.49801587343750003 0.3164682546875 0.4476686515625
0 0.84424603125 0.71924603125 0.878637565625 0.6976686515625 0.8683862437500001 0.6130952375 0.8501984125 0.6078869046875 0.8392857140625001 0.643601190625 0.7956349203124999 0.6488095234375 0.8101851859375 0.6894841265625 0.84424603125 0.71924603125
0 0.98776455 0.5324900796875001 0.9980158734375 0.47321428593750003 0.9755290999999999 0.46155753906249997 0.8482142859374999 0.4327876984375 0.784060846875 0.43377976250000005 0.7923280421875 0.46949404687499996 0.8257275125 0.497271825 0.98776455 0.5324900796875001
0 0.4874338625 0.30654761875 0.46296296249999996 0.3358134921875 0.5796957671875 0.440476190625 0.6203703703125 0.41046627031250005 0.5138888890625 0.3206845234375 0.4874338625 0.30654761875
0 0.6650132281250001 0.3268849203125 0.6894841265625 0.32465277812500004 0.7169312171875 0.3263888890625 0.721560846875 0.2991071421875 0.6762566140625 0.2951388890625 0.6517857140625 0.2867063484375 0.6117724875 0.2614087296875 0.497354496875 0.25868055624999997 0.49371693125 0.3110119046875 0.5363756609375 0.321924603125 0.5992063484375 0.3231646828125 0.6650132281250001 0.3268849203125
0 0.0505952375 0.51512896875 0.10582010625 0.57217261875 0.16071428593749998 0.547619046875 0.165674603125 0.4761904765625 0.0505952375 0.51512896875