0 0.1767578125 0.9375 0.22509765625 0.8938802078125001 0.22509765625 0.8502604171874999 0.12353515625 0.779296875 0.1015625 0.78125 0.0546875 0.7877604171875 0.0576171875 0.8248697921874999 0.0859375 0.8502604171874999 0.09228515625 0.8919270828125001 0.1767578125 0.9375
0 0.23095703125 0.4069010421875 0.205078125 0.4303385421875 0.22998046875 0.5319010421875 0.291015625 0.5169270828125 0.27392578125 0.4049479171875 0.23095703125 0.4069010421875
0 0.30322265625 0.728515625 0.349609375 0.7701822921875 0.3984375 0.76953125 0.41748046875 0.6998697921875 0.3955078125 0.6634114578125 0.3642578125 0.6477864578125 0.287109375 0.58984375 0.24658203125 0.59375 0.2236328125 0.5859375 0.21337890625 0.5963541671875 0.2060546875 0.6178385421875 0.2353515625 0.6360677078125 0.244140625 0.681640625 0.30322265625 0.728515625
0 0.9072265625 0.7493489578125 0.9169921875 0.7239583328125 0.900390625 0.611328125 0.8759765625 0.5872395828125 0.8564453125 0.587890625 0.8447265625 0.6158854171875 0.86083984375 0.7389322921875 0.87744140625 0.75 0.9072265625 0.7493489578125
0 0.7822265625 0.5703125 0.802734375 0.5794270828125 0.81298828125 0.5774739578125 0.82080078125 0.564453125 0.79541015625 0.5149739578125 0.73388671875 0.46484375 0.71337890625 0.4700520828125 0.7060546875 0.5013020828125 0.75244140625 0.5520833328125 0.7822265625 0.5703125
0 0.45654296875 0.7786458328125 0.515625 0.8483072921874999 0.548828125 0.80078125 0.43505859375 0.6536458328125 0.3369140625 0.5546875 0.3076171875 0.5852864578125 0.33740234375 0.6263020828125 0.41455078125 0.7174479171875 0.45654296875 0.7786458328125
0 0.439453125 0.6236979171875 0.42431640625 0.6334635421875 0.45849609375 0.68359375 0.51904296875 0.7252604171875 0.54443359375 0.69140625 0.4814453125 0.640625 0.46728515625 0.6393229171875 0.439453125 0.6236979171875
0 0.49951171875 0.564453125 0.43798828125 0.51953125 0.35205078125 0.48828125 0.3232421875 0.5592447921875 0.42236328125 0.6516927078125 0.4677734375 0.6321614578125 0.49951171875 0.564453125
0 0.4912109375 0.5390625 0.50537109375 0.5234375 0.52197265625 0.5032552078125 0.50390625 0.4615885421875 0.4873046875 0.4485677078125 0.4501953125 0.455078125 0.4267578125 0.51171875 0.4462890625 0.5358072921875 0.4599609375 0.5345052078125 0.4912109375 0.5390625
0 0.54052734375 0.3645833328125 0.5791015625 0.3209635421875 0.58251953125 0.30078125 0.57421875 0.2838541671875 0.55810546875 0.279296875 0.5263671875 0.3170572921875 0.52099609375 0.3326822921875 0.50537109375 0.3626302078125 0.50390625 0.369140625 0.517578125 0.3736979171875 0.54052734375 0.3645833328125
0 0.20947265625 0.615234375 0.22265625 0.6223958328125 0.2373046875 0.59375 0.2216796875 0.5833333328125 0.20947265625 0.615234375
0 0.201171875 0.6022135421875 0.19970703125 0.5859375 0.19189453125 0.5768229171875 0.17138671875 0.5852864578125 0.15673828125 0.6041666671875 0.17333984375 0.6015625 0.1884765625 0.5989583328125 0.201171875 0.6022135421875
0 0.46484375 0.2779947921875 0.46240234375 0.2526041671875 0.4306640625 0.24348958281250002 0.4013671875 0.24609375 0.3974609375 0.2734375 0.40478515625 0.2903645828125 0.43212890625 0.294921875 0.46484375 0.2779947921875
0 0.61962890625 0.7018229171875 0.6005859375 0.689453125 0.576171875 0.685546875 0.5576171875 0.697265625 0.6044921875 0.8079427078125001 0.6171875 0.7994791671875 0.6416015625 0.7532552078125 0.61962890625 0.7018229171875
0 0.56982421875 0.8951822921874999 0.517578125 0.89453125 0.49267578125 0.9153645828125001 0.4619140625 0.9947916671874999 0.578125 0.984375 0.5859375 0.9440104171874999 0.56982421875 0.8951822921874999
0 0.45458984375 0.9967447921874999 0.44775390625 0.8639322921874999 0.43310546875 0.865234375 0.43603515625 0.94140625 0.43017578125 0.96484375 0.43408203125 0.9921875 0.45458984375 0.9967447921874999
0 0.28759765625 0.9557291671874999 0.26611328125 0.947265625 0.271484375 0.978515625 0.28515625 0.9934895828125001 0.30615234375 0.986328125 0.28759765625 0.9557291671874999
0 0.85546875 0.587890625 0.859375 0.6022135421875 0.88330078125 0.5989583328125 0.88232421875 0.5846354171875 0.85546875 0.587890625