0 0.41164658593750003 0.45105421718749994 0.47690763125 0.47496235000000003 0.5040160640625 0.48889307187500003 0.5348058906250001 0.5274849390624999 0.550200803125 0.5344503015625001 0.63688085625 0.5500753015625001 0.6559571625 0.5649472890625 0.6793842031249999 0.5741716875 0.735943775 0.5444277109375 0.7205488625 0.5321912656250001 0.7172021421875 0.5297439765624999 0.6964524765625 0.519766565625 0.6740294515625 0.46987951875 0.6683400265625 0.46498493906249994 0.643239625 0.45670180781249997 0.586010709375 0.4303463859375 0.5401606421875 0.3879894578125 0.5030120484375 0.36332831250000003 0.4461178046875 0.3268072296875 0.405622490625 0.30120481875 0.3688085671875 0.28708584375 0.351405621875 0.2867093375 0.337014725 0.291603915625 0.3182730921875 0.29649849375000004 0.3048862109375 0.30534638593749996 0.2901606421875 0.31212349375000004 0.272757696875 0.3211596390625 0.26472556875 0.32887801250000004 0.2540160640625 0.3411144578125 0.2540160640625 0.34939759062500003 0.284136546875 0.375564759375 0.30555555624999997 0.3891189765625 0.377510040625 0.4305346390625 0.41164658593750003 0.45105421718749994
0 0.3460508703125 0.9039909640625 0.3688085671875 0.9028614453125 0.3755020078125 0.8938253015625 0.355756359375 0.8840361453125001 0.35977242343750004 0.8765060234375 0.3537483265625 0.8729292171875 0.3393574296875 0.8712349390625 0.320281125 0.8710466875 0.313587684375 0.8721762046875 0.29685408281250003 0.8774472890625 0.28915662656249996 0.8823418671875001 0.28781793906250003 0.8878012046875 0.308902275 0.8913780125 0.321285140625 0.8975903609375001 0.3333333328125 0.9024849390625 0.3460508703125 0.9039909640625
0 0.11813922343750001 0.8104292171875 0.0997322625 0.79066265 0.09337349375000001 0.781814759375 0.084002678125 0.7808734937499999 0.0599062921875 0.7846385546875 0.0321285140625 0.7953689765624999 0.015729584375 0.8057228921874999 0.0016733593750000002 0.8164533125 0.001004015625 0.9164156625000001 0.1034136546875 0.8678463859375001 0.1124497984375 0.8648343374999999 0.1663319953125 0.8356551203125001 0.11813922343750001 0.8104292171875
0 0.0973895578125 0.78125 0.10508701406250001 0.780685240625 0.10776439062500001 0.7786144578124999 0.11579651875000001 0.7739081328124999 0.12382864843750001 0.7692018078125 0.1248326640625 0.7612951812500001 0.119812584375 0.756400603125 0.11445783125 0.7543298187499999 0.1091030796875 0.7539533125 0.10107094999999999 0.7535768078125 0.0997322625 0.7582831328124999 0.087014725 0.7612951812500001 0.0900267734375 0.754518071875 0.07831325312500001 0.7575301203125 0.0759705484375 0.7503765062500001 0.093038821875 0.7424698796875 0.08902275781249999 0.7387048187499999 0.0893574296875 0.7283509031250001 0.0689424359375 0.72496235 0.055890228125 0.7260918671875001 0.0187416328125 0.7669427703125 0.036813921875 0.7840737953125 0.08333333281250001 0.7795557234375 0.09370816562499999 0.7816265062500001 0.0973895578125 0.78125
0 0.041834003125000005 0.7902861453125001 0.0749665328125 0.7820030124999999 0.0689424359375 0.7808734937499999 0.036813921875 0.7850150609375001 0.030120481249999997 0.7820030124999999 0.00066934375 0.792356928125 0.00066934375 0.8140060234375 0.0127175375 0.8060993968749999 0.041834003125000005 0.7902861453125001
0 0.19277108437499998 0.5945030124999999 0.20013386875 0.598268071875 0.24866131249999998 0.59996235 0.2546854078125 0.5762424703125 0.2550200796875 0.5655120484375 0.2533467203125 0.5589231921875 0.2406291828125 0.557981928125 0.2259036140625 0.557228915625 0.2235609109375 0.5481927703125 0.24297188749999998 0.5500753015625001 0.222222221875 0.525602409375 0.20816599687499998 0.5133659640625 0.179384203125 0.5224021078125001 0.1663319953125 0.5316265062500001 0.13420348124999998 0.535391565625 0.1338688078125 0.54066265 0.11077643906250001 0.5444277109375 0.0813253015625 0.5438629515625 0.0753012046875 0.5487575296875 0.13989290468749999 0.5882906625000001 0.16934404218750002 0.5835843374999999 0.19176706875 0.5914909640625 0.19277108437499998 0.5945030124999999
0 0.1757028109375 0.18091114531250002 0.173025434375 0.1773343375 0.156961178125 0.1788403609375 0.1024096390625 0.19597138593750002 0.1101070953125 0.2048192765625 0.163989290625 0.1905120484375 0.1760374828125 0.18674698750000002 0.1757028109375 0.18091114531250002
0 0.555890228125 0.150225903125 0.5461847390625 0.1336596390625 0.513052209375 0.0969503015625 0.49933065625 0.1016566265625 0.529116465625 0.1385542171875 0.548862115625 0.152108434375 0.555890228125 0.150225903125
0 0.8758366796875 0.9019201812500001 0.7958500671875 0.9038027109375 0.7968540828124999 0.9141566265625001 0.87148594375 0.9135918671875001 0.8765060234375 0.9105798187499999 0.8758366796875 0.9019201812500001
0 0.45749665312500004 0.8239834343749999 0.44812583593750005 0.8266189765625 0.44444444375 0.8339608437500001 0.4929718875 0.8546686749999999 0.5073627843749999 0.84375 0.45749665312500004 0.8239834343749999
0 0.4471218203125 0.9297816265625001 0.4457831328125 0.9354292171875 0.4454484609375 0.9403237953125 0.4471218203125 0.947477409375 0.4508032125 0.9561370484375 0.4591700140625 0.96366716875 0.49665327968749995 0.9809864453125 0.5023427046875 0.9824924703125 0.513052209375 0.9830572296875 0.521419009375 0.9815512046875 0.53012048125 0.9794804218750001 0.5338018734375 0.9764683734374999 0.52878179375 0.9742093374999999 0.52811245 0.969691265625 0.54417670625 0.968938253125 0.548862115625 0.9659262046875 0.5605756359375 0.9706325296875 0.571954484375 0.969314759375 0.5746318609375 0.9644201812500001 0.57095046875 0.9621611453125001 0.5686077640625 0.9565135546875 0.5880187421875 0.9335466875 0.5809906296875 0.9327936749999999 0.57228915625 0.9350527109375 0.5592369484375 0.92695783125 0.5595716203125 0.9237575296875 0.5599062921875 0.9184864453125 0.5498661312500001 0.9164156625000001 0.542168675 0.9169804218750001 0.5314591703125 0.9088855421875 0.52878179375 0.91133283125 0.5261044171875 0.9019201812500001 0.4973226234375 0.8987198796874999 0.4598393578125 0.9122740968749999 0.45716198124999996 0.9237575296875 0.451137884375 0.9277108437500001 0.4471218203125 0.9297816265625001