0 0.2013333328125 0.40549999999999997 0.1913333328125 0.36625 0.1793333328125 0.35175 0.07766666718750001 0.35325 0.071 0.357 0.19766666718749998 0.41675000000000006 0.2013333328125 0.40549999999999997
0 0.262 0.44699999999999995 0.2693333328125 0.42750000000000005 0.2703333328125 0.41325 0.192 0.34375 0.16999999999999998 0.34725 0.1833333328125 0.36150000000000004 0.213 0.4185 0.262 0.44699999999999995
0 0.2266666671875 0.34575 0.181 0.33999999999999997 0.178 0.34475 0.2173333328125 0.37124999999999997 0.2286666671875 0.36724999999999997 0.2266666671875 0.34575
0 0.4563333328125 0.61075 0.49066666718749996 0.597 0.5043333328124999 0.5467500000000001 0.49533333281249997 0.5295 0.43533333281250003 0.5175 0.36666666718749996 0.49424999999999997 0.3343333328125 0.49524999999999997 0.3006666671875 0.564 0.3503333328125 0.588 0.40833333281249995 0.5985 0.4563333328125 0.61075
0 0.4533333328125 0.5207499999999999 0.4716666671875 0.5345 0.5106666671875 0.54575 0.5263333328125 0.5485 0.553 0.55275 0.561 0.5417500000000001 0.5436666671875 0.51525 0.4883333328125 0.488 0.441 0.4625 0.4096666671875 0.46624999999999994 0.40499999999999997 0.472 0.3936666671875 0.49000000000000005 0.3973333328125 0.49974999999999997 0.42433333281249996 0.5085 0.4533333328125 0.5207499999999999
0 0.5663333328125 0.541 0.5423333328125 0.52025 0.53 0.522 0.5136666671875 0.53 0.5143333328125 0.5467500000000001 0.5599999999999999 0.55675 0.5663333328125 0.541
0 0.589 0.529 0.7003333328125 0.596 0.718 0.58575 0.6026666671875 0.5155000000000001 0.589 0.529
0 0.58 0.5075000000000001 0.5613333328125 0.5105000000000001 0.6376666671875 0.5934999999999999 0.6566666671875 0.57325 0.58 0.5075000000000001
0 0.7666666671875 0.58275 0.742 0.5755 0.7203333328125 0.5940000000000001 0.702 0.6405000000000001 0.7563333328125 0.658 0.796 0.6054999999999999 0.7666666671875 0.58275
0 0.7190000000000001 0.69325 0.7146666671874999 0.66225 0.545 0.614 0.5013333328125 0.6275000000000001 0.5026666671875 0.6405000000000001 0.716 0.70525 0.7190000000000001 0.69325
0 0.8013333328125001 0.72875 0.9286666671875 0.76425 0.9463333328125 0.7205 0.8136666671875 0.6805 0.791 0.686 0.7216666671875 0.6665 0.706 0.6675 0.704 0.6805 0.7383333328125 0.70275 0.7853333328125001 0.7155 0.8013333328125001 0.72875
0 0.9496666671874999 0.68475 0.861 0.647 0.8119999999999999 0.6385 0.7903333328125 0.6849999999999999 0.8593333328125 0.70375 0.9463333328125 0.713 0.9496666671874999 0.68475
0 0.7893333328125001 0.66875 0.7656666671875 0.649 0.7070000000000001 0.63225 0.7326666671875001 0.587 0.7353333328125 0.577 0.7156666671874999 0.57175 0.6866666671874999 0.56425 0.674 0.57725 0.6433333328125 0.5795 0.634 0.59075 0.632 0.646 0.708 0.67275 0.7856666671875 0.68225 0.7893333328125001 0.66875