0 0.1945564515625 0.9322076609375 0.196236559375 0.9387600812500001 0.1972446234375 0.9458165328125 0.20967741874999998 0.95010080625 0.22009408593750002 0.9523689515625 0.230510753125 0.9493447578125 0.2375672046875 0.9443044359374999 0.241263440625 0.940272178125 0.2520161296875 0.9400201609375 0.26344086093749997 0.9412802421875 0.27284946250000003 0.940776209375 0.29368279531249997 0.9412802421875 0.3088037640625 0.940272178125 0.3192204296875 0.9367439515625 0.3276209671875 0.93271169375 0.3340053765625 0.9291834671875 0.3450940859375 0.9259072578125 0.35685483906250004 0.921622984375 0.366935484375 0.918598790625 0.3763440859375 0.9160786296874999 0.3763440859375 0.9115423390625 0.371639784375 0.913810484375 0.363911290625 0.9160786296874999 0.35282258125 0.9206149187499999 0.3427419359375 0.9231350812500001 0.33131720468750003 0.9276713703125001 0.3198924734375 0.932963709375 0.3077956984375 0.9369959671875 0.2963709671875 0.9390120968750001 0.286962365625 0.9380040328125 0.27889785 0.9367439515625 0.26982526875 0.9362399187499999 0.25907258125 0.9367439515625 0.24865591406249998 0.937247984375 0.24193548437499998 0.9369959671875 0.2392473125 0.93271169375 0.23387096718749997 0.9259072578125 0.230510753125 0.9211189515625 0.2197580640625 0.918598790625 0.2066532265625 0.9175907265625 0.1982526875 0.9206149187499999 0.196236559375 0.9261592734375 0.1945564515625 0.9322076609375
0 0.6666666671875 0.7991431453125 0.67372311875 0.7930947578125 0.664314515625 0.77822580625 0.6495295703124999 0.765877015625 0.6334005375 0.765877015625 0.6186155906249999 0.7646169359375 0.6041666671875 0.7631048390624999 0.5957661296875 0.7638608875 0.57997311875 0.7759576609375001 0.5930779562499999 0.7988911296875 0.6145833328125 0.820564515625 0.6441532265625 0.8109879031249999 0.6666666671875 0.7991431453125
0 0.293010753125 0.6076108875 0.30006720468750003 0.6121471781250001 0.3054435484375 0.6098790328125 0.30712365625000004 0.606098790625 0.293010753125 0.6076108875
0 0.3484543015625 0.6318044359375 0.35215053749999997 0.628276209375 0.35282258125 0.62197580625 0.347110215625 0.6171875 0.34307795625000004 0.6146673390624999 0.33534946250000003 0.615675403125 0.3282930109375 0.6192036296875 0.32560483906250004 0.6272681453125 0.331989246875 0.6318044359375 0.340389784375 0.6338205640625 0.3484543015625 0.6318044359375
0 0.4156586015625 0.6116431453125 0.4045698921875 0.60811491875 0.398185484375 0.6166834671875 0.4099462359375 0.6209677421875 0.4156586015625 0.6116431453125
0 0.4506048390625 0.6300403218749999 0.4536290328125 0.6320564515625 0.456989246875 0.6292842734375 0.44354838750000003 0.6242439515625 0.44018817187500003 0.6290322578125 0.4479166671875 0.6328125 0.4506048390625 0.6300403218749999
0 0.75302419375 0.6814516125 0.75 0.6743951609375001 0.741935484375 0.670362903125 0.7338709671875 0.6711189515625 0.7372311828125 0.6854838703125 0.7463037640625 0.6852318546875 0.75302419375 0.6814516125
0 0.684811828125 0.6255040328125 0.672715053125 0.62197580625 0.6575940859375 0.642137096875 0.673387096875 0.6466733875 0.684811828125 0.6255040328125
0 0.6831317203125 0.607862903125 0.671034946875 0.604838709375 0.6639784953125 0.6197076609375001 0.6754032265625 0.6207157265625 0.6831317203125 0.607862903125
0 0.3225806453125 0.5181451609375001 0.30712365625000004 0.53427419375 0.31216397812499996 0.53603830625 0.329637096875 0.5206653218749999 0.3225806453125 0.5181451609375001
0 0.8333333328125001 0.6194556453125 0.82392473125 0.61844758125 0.8178763437500001 0.6318044359375 0.8313172046874999 0.6348286296875 0.8333333328125001 0.6194556453125
0 0.90625 0.6779233875 0.917338709375 0.7053931453125 0.9317876343749999 0.703125 0.920698925 0.6761592734375 0.90625 0.6779233875
0 0.207661290625 0.61239919375 0.1979166671875 0.6118951609375001 0.206989246875 0.625 0.212365590625 0.621723790625 0.207661290625 0.61239919375
0 0.886088709375 0.7988911296875 0.8756720437500001 0.7946068546875 0.8736559140625 0.797127015625 0.8797043015625 0.800151209375 0.886088709375 0.7988911296875
0 0.55712365625 0.4432963703125 0.5725806453125 0.4369959671875 0.5540994625 0.4180947578125 0.542338709375 0.4087701609375 0.5235215046875 0.4160786296875 0.514784946875 0.4238911296875 0.531586021875 0.4415322578125 0.5433467734375 0.45236895156249995 0.55712365625 0.4432963703125
0 0.6606182796875 0.0413306453125 0.6522177421875 0.045362903125 0.6659946234375 0.053175403125 0.6696908609375 0.0504032265625 0.668010753125 0.0446068546875 0.6606182796875 0.0413306453125