0 0.25433333281250003 0.4915 0.2626666671875 0.49400000000000005 0.2886666671875 0.5095 0.2983333328125 0.512 0.305 0.509 0.3066666671875 0.5035000000000001 0.28500000000000003 0.48550000000000004 0.27799999999999997 0.47474999999999995 0.27 0.46449999999999997 0.25166666718749997 0.453 0.23766666718749999 0.4445 0.233 0.43899999999999995 0.2253333328125 0.4345 0.2106666671875 0.43724999999999997 0.20099999999999998 0.4425 0.2006666671875 0.44800000000000006 0.19966666718749998 0.45225 0.2076666671875 0.46224999999999994 0.21600000000000003 0.46449999999999997 0.246 0.488 0.25433333281250003 0.4915
0 0.31766666718750003 0.8185 0.3173333328125 0.8115 0.3233333328125 0.7755 0.3273333328125 0.75475 0.33199999999999996 0.7495 0.3393333328125 0.736 0.3383333328125 0.6575 0.33599999999999997 0.6475 0.3206666671875 0.64 0.298 0.64 0.2853333328125 0.644 0.27799999999999997 0.6505 0.2726666671875 0.736 0.2746666671875 0.74525 0.2856666671875 0.7575000000000001 0.2926666671875 0.82 0.2966666671875 0.8227499999999999 0.3083333328125 0.8227499999999999 0.31766666718750003 0.8185
0 0.6696666671875 0.5587500000000001 0.653 0.5589999999999999 0.6166666671875001 0.5507500000000001 0.605 0.5469999999999999 0.601 0.54775 0.5956666671875 0.5585 0.6016666671875 0.56025 0.6516666671875 0.5795 0.6626666671875 0.58875 0.7323333328125 0.6085 0.7456666671875001 0.60775 0.7563333328125 0.5875 0.755 0.58125 0.6803333328125001 0.56075 0.6696666671875 0.5587500000000001
0 0.5476666671875 0.47525000000000006 0.5613333328125 0.47775 0.5766666671875 0.47275 0.5873333328125 0.466 0.5866666671874999 0.45824999999999994 0.554 0.40575 0.5456666671875 0.40125 0.5386666671875 0.40049999999999997 0.5333333328125 0.39075000000000004 0.5236666671875 0.381 0.5176666671875 0.3745 0.513 0.373 0.507 0.37374999999999997 0.504 0.3795 0.5133333328125 0.4025 0.512 0.41475 0.5236666671875 0.44075 0.5476666671875 0.47525000000000006
0 0.48600000000000004 0.18 0.4783333328125 0.17875000000000002 0.4686666671875 0.18625 0.471 0.1925 0.47800000000000004 0.195 0.48600000000000004 0.19924999999999998 0.497 0.20125 0.5086666671875 0.20525000000000002 0.522 0.21025 0.5306666671875 0.21349999999999997 0.5396666671875 0.21175000000000002 0.5466666671875 0.20525000000000002 0.5469999999999999 0.197 0.54 0.19025 0.524 0.1875 0.5013333328125 0.18025 0.48600000000000004 0.18
0 0.7809999999999999 0.3005 0.7813333328125001 0.2955 0.7743333328124999 0.29 0.7576666671875001 0.27999999999999997 0.7476666671875 0.2745 0.7246666671875001 0.28075 0.7230000000000001 0.28500000000000003 0.7523333328125 0.3075 0.7593333328125 0.30775 0.771 0.3045 0.7809999999999999 0.3005
0 0.6316666671875 0.93075 0.627 0.9289999999999999 0.6213333328124999 0.92975 0.623 0.95625 0.633 0.9577500000000001 0.6333333328124999 0.9550000000000001 0.6316666671875 0.93075
0 0.457 0.8995 0.4566666671875 0.8985 0.45705555625 0.8982083328125 0.457 0.897875 0.4566666671875 0.8977499999999999 0.4568666671875 0.8971 0.4571111109375 0.8969166671875 0.4579166671875 0.8973125 0.458 0.8967499999999999 0.4591666671875 0.896125 0.45933333281250005 0.8957499999999999 0.462 0.89375 0.4588888890625 0.8924166671875 0.45727777812500003 0.8930416671874999 0.45693333281250004 0.89255 0.45766666718750004 0.8915 0.4573333328125 0.89175 0.457 0.89125 0.45599999999999996 0.8909750000000001 0.4557435890625 0.8912884609375 0.4541794875 0.8906730765624999 0.4543333328125 0.8904500000000001 0.45261538437500004 0.8900576921875001 0.4526666671875 0.8899250000000001 0.4493333328125 0.888875 0.4479230765625 0.8882115390624999 0.4476666671875 0.88835 0.446358975 0.8875961531250001 0.446 0.887825 0.444794871875 0.88698076875 0.4443333328125 0.8873 0.44323076875 0.8863653843750001 0.44266666718750003 0.8867749999999999 0.44166666718750003 0.88575 0.441 0.8862500000000001 0.4409333328125 0.88695 0.438 0.89175 0.45499999999999996 0.89925 0.457 0.8995
0 0.4676666671875 0.549 0.43899999999999995 0.55175 0.4403333328125 0.5549999999999999 0.4476666671875 0.55575 0.4683333328125 0.5547500000000001 0.4676666671875 0.549
0 0.5453333328125 0.3715 0.5446666671875 0.3685 0.5416666671875 0.3635 0.5393333328125001 0.3675 0.5403333328125 0.37 0.5453333328125 0.3715
0 0.3843333328125 0.07225000000000001 0.37533333281250003 0.07575 0.3693333328125 0.07875 0.368 0.08199999999999999 0.36833333281249997 0.08525 0.37333333281250003 0.087 0.4126666671875 0.074 0.4233333328125 0.07025 0.43166666718749996 0.06725 0.43166666718749996 0.06325 0.4266666671875 0.05600000000000001 0.41966666718749995 0.05550000000000001 0.41166666718749995 0.058499999999999996 0.3843333328125 0.07225000000000001
0 0.5273333328125 0.0485 0.5316666671875 0.046 0.5213333328124999 0.046 0.5146666671875 0.043 0.49533333281249997 0.041749999999999995 0.492 0.043 0.5153333328125 0.04575 0.5203333328124999 0.04925 0.5273333328125 0.0485
0 0.4436666671875 0.06975 0.45599999999999996 0.06925 0.4613333328125 0.06825 0.471 0.064 0.461 0.0645 0.46166666718749994 0.0615 0.47066666718750005 0.05500000000000001 0.45933333281250005 0.057999999999999996 0.44800000000000006 0.05825 0.438 0.05475 0.43 0.05275 0.41900000000000004 0.05125 0.4206666671875 0.05425 0.43 0.056999999999999995 0.434 0.06875 0.4436666671875 0.06975
0 0.8300000000000001 0.682 0.8503333328125 0.67625 0.8396666671874999 0.66425 0.8160000000000001 0.671 0.817 0.67525 0.8300000000000001 0.682
0 0.571 0.385 0.5703333328125 0.361 0.5683333328125 0.35750000000000004 0.5593333328125001 0.35875 0.5233333328125 0.3605 0.528 0.383 0.5333333328125 0.38925 0.5653333328125 0.38625 0.571 0.385
0 0.5223333328125 0.36675 0.5223333328125 0.35950000000000004 0.5436666671875 0.35875 0.5676666671875 0.35675 0.572 0.36150000000000004 0.5730000000000001 0.36775 0.576 0.3695 0.584 0.366 0.587 0.36150000000000004 0.5766666671875 0.36175 0.5706666671875 0.35475 0.5726666671875 0.35075 0.5816666671874999 0.35 0.5856666671874999 0.348 0.5806666671875 0.343 0.5726666671875 0.3395 0.561 0.33849999999999997 0.5036666671875001 0.3325 0.488 0.33425 0.48333333281249996 0.337 0.479 0.359 0.4846666671875 0.3635 0.5046666671875 0.36625 0.5223333328125 0.36675
0 0.5546666671875 0.3355 0.5683333328125 0.32599999999999996 0.5653333328125 0.321 0.548 0.31475 0.5349999999999999 0.3175 0.5233333328125 0.316 0.5186666671875 0.3215 0.5176666671875 0.324 0.5136666671875 0.32425000000000004 0.5233333328125 0.333 0.541 0.3355 0.5546666671875 0.3355
0 0.6016666671875 0.30924999999999997 0.605 0.311 0.6266666671875 0.30775 0.6256666671875 0.30425 0.6016666671875 0.30924999999999997
0 0.641 0.31225 0.646 0.30975 0.6293333328124999 0.30575 0.6276666671875 0.309 0.641 0.31225