0 0.491013071875 0.6415441171875 0.4857026140625 0.641850490625 0.4787581703125 0.6427696078125 0.47263071874999996 0.64460784375 0.47426470624999995 0.6556372546875 0.4754901953125 0.6577818625 0.4869281046875 0.6568627453125 0.49509803906250005 0.655024509375 0.4983660125 0.65226715625 0.49918300625 0.6498161765625 0.508986928125 0.6488970593750001 0.5232843140625 0.6473651953124999 0.534722221875 0.64613970625 0.545751634375 0.6443014703125 0.553513071875 0.6427696078125 0.5547385625000001 0.640318628125 0.552696078125 0.639399509375 0.5469771234375 0.6390931375 0.5359477125 0.6397058828125 0.52573529375 0.6412377453125 0.5147058828125 0.6430759796875 0.49918300625 0.6455269609375 0.49754902031250003 0.6439950984375 0.49591503281250005 0.6427696078125 0.491013071875 0.6415441171875
0 0.614379084375 0.724571078125 0.5890522875 0.719056371875 0.5853758171875 0.7212009796875 0.6115196078125 0.7276348046875001 0.614379084375 0.724571078125
0 0.5114379078125 0.9950980390625 0.5204248359375 0.967524509375 0.5147058828125 0.964460784375 0.5040849671875 0.9938725484375001 0.5114379078125 0.9950980390625
0 0.6748366015625 0.875 0.6985294125 0.859681371875 0.6952614374999999 0.8547794124999999 0.670751634375 0.8700980390625 0.6748366015625 0.875
0 0.421568628125 0.5998774515624999 0.42483660156249997 0.59926470625 0.42565359531249997 0.5759803921875 0.4158496734375 0.5765931375 0.4142156859375 0.5955882359375 0.421568628125 0.5998774515624999
0 0.44444444375 0.2751225484375 0.46160130781250003 0.271446078125 0.4705882359375 0.2708333328125 0.4705882359375 0.2634803921875 0.44362745156249994 0.26899509843749997 0.44444444375 0.2751225484375
0 0.758986928125 0.34068627500000004 0.7630718953125 0.34375 0.792483659375 0.327818628125 0.7916666671875 0.32475490156250003 0.78676470625 0.32414215625 0.758986928125 0.34068627500000004
0 0.87418300625 0.8327205875000001 0.8782679734375 0.840686275 0.8807189546874999 0.840686275 0.8807189546874999 0.8370098046875001 0.8839869281249999 0.828431371875 0.89379085 0.82414215625 0.8921568625 0.8192401953124999 0.8782679734375 0.82414215625 0.87418300625 0.8327205875000001
0 0.8643790843750001 0.8125 0.8725490203125 0.8106617640625 0.8635620921875 0.784313725 0.85539215625 0.7806372546875 0.8545751640624999 0.78982843125 0.8643790843750001 0.8125
0 0.8839869281249999 0.8186274515624999 0.8995098046875001 0.8204656859374999 0.9125816999999999 0.8235294124999999 0.9133986921874999 0.8100490203125 0.8839869281249999 0.8125 0.8839869281249999 0.8186274515624999
0 0.85620915 0.56801470625 0.901960784375 0.5649509796875 0.901143790625 0.559436275 0.85620915 0.5606617640625 0.85620915 0.56801470625
0 0.7614379078125 0.4540441171875 0.7802287578125 0.47487745156249994 0.78513071875 0.47181372499999996 0.76879085 0.4522058828125 0.7614379078125 0.4540441171875
0 0.7263071890624999 0.25857843125 0.7459150328125 0.25674019531250003 0.7459150328125 0.25 0.7254901953124999 0.25245097968749997 0.7263071890624999 0.25857843125
0 0.8251633984375 0.08333333281250001 0.8243464046875 0.086397059375 0.8504901953124999 0.0876225484375 0.8504901953124999 0.086397059375 0.8251633984375 0.08333333281250001
0 0.87581699375 0.1525735296875 0.8782679734375 0.15441176406249998 0.8970588234375001 0.1501225484375 0.8954248359375001 0.146446078125 0.8799019609375 0.1482843140625 0.87581699375 0.1525735296875
0 0.7638888890625 0.092524509375 0.7655228765625 0.0845588234375 0.7573529406249999 0.08517156875000001 0.7565359484374999 0.0931372546875 0.7638888890625 0.092524509375
0 0.9616013078125001 0.25306372499999996 0.9795751640624999 0.254289215625 0.98039215625 0.2493872546875 0.9591503265625001 0.2481617640625 0.9616013078125001 0.25306372499999996
0 0.223856209375 0.8265931375 0.23611111093749998 0.808210784375 0.2263071890625 0.8039215687500001 0.215686275 0.82414215625 0.223856209375 0.8265931375