0 0.3010620921875 0.5064338234375 0.303513071875 0.5094975484375001 0.310457515625 0.5094975484375001 0.3141339875 0.5110294125 0.3169934640625 0.5134803921875 0.32516339843750003 0.5162377453125 0.3333333328125 0.516850490625 0.339460784375 0.515625 0.3439542484375 0.5119485296875 0.3521241828125 0.509803921875 0.366013071875 0.5104166671875 0.37581699375 0.5122549015625 0.38357843125 0.5147058828125 0.3954248359375 0.5140931375 0.3966503265625 0.509803921875 0.39419934687499997 0.5088848046875001 0.392565359375 0.5061274515624999 0.3986928109375 0.5049019609375 0.3991013078125 0.5021446078125 0.3970588234375 0.500306371875 0.392565359375 0.4981617640625 0.38725490156250003 0.49662990156250003 0.37785947656249996 0.49693627500000004 0.37418300625 0.4981617640625 0.3684640515625 0.497242646875 0.3631535953125 0.49632352968750004 0.34681372499999996 0.4954044125 0.3337418296875 0.49509803906250005 0.3255718953125 0.49571078437500005 0.3186274515625 0.4990808828125 0.313725490625 0.5015318625 0.3047385625 0.5015318625 0.303104575 0.50398284375 0.3010620921875 0.5064338234375
0 0.579248365625 0.36795343125 0.5780228765625 0.369178921875 0.5776143796875 0.370710784375 0.578431371875 0.3731617640625 0.58047385625 0.373774509375 0.582516340625 0.375 0.5833333328125 0.3765318625 0.5853758171875 0.37837009843749997 0.5870098046875001 0.3795955875 0.58986928125 0.3771446078125 0.5951797390625 0.3771446078125 0.598039215625 0.3795955875 0.6021241828125 0.38357843125 0.606617646875 0.386335784375 0.6188725484375001 0.3887867640625 0.62581699375 0.3897058828125 0.6303104578125 0.3887867640625 0.634395425 0.38511029375 0.63521241875 0.38174019531250003 0.634803921875 0.37837009843749997 0.6315359484374999 0.3759191171875 0.62581699375 0.3740808828125 0.616013071875 0.37193627500000004 0.6098856203125 0.370710784375 0.6078431375 0.369178921875 0.6017156859375 0.36795343125 0.5947712421875 0.366727940625 0.590277778125 0.3673406859375 0.5861928109375001 0.3685661765625 0.5837418296875 0.3685661765625 0.58129085 0.36825980468749997 0.579248365625 0.36795343125
0 0.5420751640625 0.3265931375 0.545751634375 0.326899509375 0.5469771234375 0.32475490156250003 0.544934640625 0.32261029375 0.54370915 0.3201593140625 0.5383986921874999 0.3174019609375 0.533905228125 0.31495097968749997 0.5298202609375 0.31648284375 0.528594771875 0.31801470625 0.528186275 0.31924019531250003 0.5314542484375 0.3219975484375 0.5359477125 0.32444852968750004 0.5388071890624999 0.3262867640625 0.5420751640625 0.3265931375
0 0.3235294125 0.41636029375000005 0.3280228765625 0.4151348046875 0.330882353125 0.4108455875 0.33129084999999997 0.4044117640625 0.332516340625 0.40073529375000005 0.33210784375 0.3955269609375 0.33047385625 0.39399509843749997 0.32883986875 0.3924632359375 0.3272058828125 0.389399509375 0.32516339843750003 0.38817402031250003 0.321895425 0.390625 0.320669934375 0.3921568625 0.3174019609375 0.39430147031249996 0.31617647031249996 0.39767156875 0.314542484375 0.4114583328125 0.31576797343749996 0.4129901953125 0.31944444375000003 0.4139093140625 0.3235294125 0.41636029375000005
0 0.322303921875 0.4779411765625 0.3272058828125 0.478553921875 0.3333333328125 0.4791666671875 0.33823529375 0.47947303906250005 0.3419117640625 0.47947303906250005 0.348039215625 0.48039215625000004 0.35539215625 0.48008578437500005 0.36478758125 0.47732843125 0.3807189546875 0.47242647031249996 0.384395425 0.465992646875 0.37826797343749996 0.4610906859375 0.3709150328125 0.45710784374999996 0.3672385625 0.45710784374999996 0.36642156875 0.4623161765625 0.364379084375 0.46629902031250003 0.3635620921875 0.4678308828125 0.34068627500000004 0.46262254843750006 0.3280228765625 0.4598651953125 0.321895425 0.4681372546875 0.321486928125 0.469975490625 0.322303921875 0.47273284374999996 0.322303921875 0.4779411765625
0 0.0379901953125 0.47579656875 0.044934640625 0.4693627453125 0.04289215625 0.467524509375 0.0294117640625 0.4678308828125 0.024918299999999997 0.47273284374999996 0.0204248359375 0.47579656875 0.0232843140625 0.47886029375000005 0.0294117640625 0.478553921875 0.0379901953125 0.47579656875
0 0.4056372546875 0.47273284374999996 0.4076797390625 0.4705882359375 0.40849673124999997 0.47120097968749997 0.41176470624999995 0.4705882359375 0.41258169999999994 0.4702818625 0.4142156859375 0.469975490625 0.41339869218749997 0.4672181375 0.4068627453125 0.465992646875 0.40277777812500004 0.4641544125 0.40114379062500005 0.462928921875 0.3986928109375 0.46384803906250005 0.3978758171875 0.46568627500000004 0.3962418296875 0.468443628125 0.40032679687500006 0.47120097968749997 0.40277777812500004 0.47212009843749997 0.4056372546875 0.47273284374999996
0 0.46119281093750003 0.44607843125 0.4693627453125 0.44301470624999995 0.47099673124999997 0.44117647031249996 0.4697712421875 0.43995097968749997 0.46160130781250003 0.4390318625 0.4587418296875 0.43995097968749997 0.4583333328125 0.44240196093749995 0.4599673203125 0.44454656875 0.46119281093750003 0.44607843125
0 0.895016340625 0.1969975484375 0.8978758171875001 0.1969975484375 0.90073529375 0.1994485296875 0.9048202609375 0.2012867640625 0.8999183000000001 0.19454656875 0.8843954249999999 0.1954656859375 0.8831699343749999 0.1966911765625 0.8876633984375 0.198835784375 0.89133986875 0.1985294125 0.895016340625 0.1969975484375
0 0.375408496875 0.269914215625 0.37418300625 0.26930147031249996 0.3688725484375 0.26868872499999996 0.366013071875 0.26868872499999996 0.367647059375 0.2708333328125 0.37418300625 0.27267156875 0.375408496875 0.269914215625
0 0.6209150328125 0.4678308828125 0.6225490203125 0.47120097968749997 0.625 0.47273284374999996 0.63357843125 0.4739583328125 0.6392973859375 0.47120097968749997 0.642565359375 0.468443628125 0.6454248359375 0.465992646875 0.6491013078125001 0.46323529375000005 0.6491013078125001 0.46047794062499997 0.6486928109375001 0.45863970624999995 0.6466503265625 0.45680147031249996 0.643382353125 0.45557597968749997 0.6405228765625 0.45557597968749997 0.627042484375 0.458946078125 0.624591503125 0.4607843140625 0.6209150328125 0.46446078437500005 0.6209150328125 0.4678308828125
0 0.45547385625 0.44761029375000005 0.4599673203125 0.4485294125 0.4599673203125 0.4454656859375 0.4583333328125 0.4420955875 0.4587418296875 0.44056372499999996 0.45751634062499996 0.438725490625 0.4517973859375 0.438725490625 0.4513888890625 0.44087009843749997 0.44526143749999997 0.43995097968749997 0.44199346406249995 0.44362745156249994 0.44281045781249995 0.4439338234375 0.447303921875 0.4442401953125 0.4505718953125 0.44485294062499997 0.4513888890625 0.4463848046875 0.45547385625 0.44761029375000005
0 0.588643790625 0.284007353125 0.590277778125 0.27726715625 0.5878267968750001 0.27573529375 0.5849673203125 0.2751225484375 0.5833333328125 0.2763480390625 0.580882353125 0.2827818625 0.582516340625 0.2858455875 0.5861928109375001 0.2858455875 0.588643790625 0.284007353125